-1.047419 -1.047419
0.645526 0.645526
-0.857075 -0.857075
-1.150703 -1.150703
-0.891254 -0.891254
0.683774 0.683774
-0.888168 -0.888168
1.639038 1.639038
0.020994 0.020994
0.547203 0.547203
0.442174 0.442174
0.386961 0.386961
0.062777 0.062777
0.368098 0.368098
-1.094908 -1.094908
1.341273 1.341273
0.620758 0.620758
-0.669252 -0.669252
1.630970 1.630970
0.334557 0.334557
1.552230 1.552230
-0.272304 -0.272304
1.249376 1.249376
-0.036228 -0.036228
-1.165587 -1.165587
-0.355695 -0.355695
0.865977 0.865977
0.820391 0.820391
-0.589552 -0.589552
0.004852 0.004852
0.159559 0.159559
1.059167 1.059167
-0.937119 -0.937119
0.414767 0.414767
-0.475353 -0.475353
0.947086 0.947086
-1.181246 -1.181246
0.974652 0.974652
-1.791948 -1.791948
0.194955 0.194955
0.683744 0.683744
-0.621740 -0.621740
-0.907663 -0.907663
0.692767 0.692767
-1.268906 -1.268906
0.190374 0.190374
-2.235084 -2.235084
-0.849094 -0.849094
-0.257550 -0.257550
1.009849 1.009849
