1.84207953112615552271 4.60757160448228209049
5.65858312061881552069 4.79996405444154294884
6.35257892020234038455 3.29085449875426627742
2.90401652528136278164 4.61220411281506592616
3.23197915720744255452 4.93989405282629512328
1.24792267970037684677 4.93267846009401988994
1.97619886162511981809 4.43489674238187525646
2.23454135329173020352 5.05547168134497759695
2.98340757166043468729 4.84046406125351857952
2.97970390692593278814 4.80671080798659478006
2.11496411129685402130 5.37373586528762459125
2.12169542985192904894 5.20854211555227486485
1.51435290310806891512 4.77003303264906008962
2.16979227098823423958 5.27435353834150788543
0.41852373244212137671 4.88312521834928592313
2.47053694822281988408 4.80418944085467458649
4.06069132440998803446 4.99503862074009674643
3.00708933790308829970 4.67897757737682518098
0.66632345593920239146 4.87187949041884227341
3.16218650301532822056 4.83658300576332234044
0.51155258039721851482 4.91052922950258885493
3.13428009955856401447 4.96178113915340368578
2.04974595007081683562 5.62413949598809548291
0.66582785242269704185 5.24399257483931169332
1.01732012582935427147 4.84473646919271772049
2.17893567628517503820 5.29758701369048967678
2.85962614966742556533 5.26041997332345268035
1.30882588359969131986 5.30158700910187885569
0.99253245544517176846 5.01567423757747565816
1.40372638171933350471 4.57527684439484172430
2.66046572420849880558 5.19623847856612464113
2.79995881929355361351 5.11526322705159319781
2.06995345375016492895 4.68467130341946980110
3.29765180919280975758 5.59205534998906195199
1.89297659580253352374 4.89043208894424896727
2.55983063962033341454 5.26397756417514628424
1.15354031206550189381 4.67866717433732226539
2.25150753832876659999 5.44500310210926041776
2.20960295507880122301 4.91469264145220652296
1.59141937179205683606 4.83212572664339212736
1.67838037602991541064 5.26903821748022149762
2.59148641718787375865 4.92593393545491142760
2.80996442233682053313 5.53849898971416365612
0.95311627201894211225 5.58037107570483659202
1.51775275912809037848 5.03836637690569677517
3.23114247655604369669 5.78429664601345461250
2.54180010572605930008 4.81098737551493282893
3.81422865442913661127 4.73526796492518631254
1.68495829050421708217 4.59643553455260001073
2.17777173364195730798 4.86154018850313818234
1.81733279599125974180 5.13333906700375575127
1.85776553441654757037 4.86962413545534200665
3.03084300769699144240 5.24057582134083776992
2.92658294878492064583 5.09667922884168778097
3.43493543156672043182 5.34080741195687291878
3.20367116233327786645 4.85924758655939115215
0.10511803945886710743 4.72916343846141273843
1.40597916289724622629 5.06636822499645322893
2.24185051552848602086 4.92446170232472546502
1.36678395256624973797 5.26161095353772267913
1.70725482159987596020 4.04231479440038654616
1.91909565894541778164 5.57848446501550832011
1.60156731315097689006 4.64453011598184861697
0.37963437143864875445 5.26194729410352746157
2.02134502433815965716 4.41267444922283935682
1.12036737290341692486 5.20880746830265373148
2.26901428046573050423 4.61818882770847061181
-0.24512712766170174916 5.74019236638789642768
2.12857842624619397753 5.01149793096123996605
1.84419981102512253734 5.03153947974902759910
2.32558253227286826359 4.74867961905075564033
1.52334113105792634535 4.87916159325666054514
1.02285128464078578503 5.01050650495827198938
1.85382737207278314173 5.00752482311807423088
2.20321658355801242024 4.94516378732134853635
1.20099981191318438967 4.57829762882925539458
1.02062702738897925769 4.62991119112760340926
1.60493226610360206763 5.13663139074186414490
0.47647355132546720391 5.13535977286784817153
0.36391720409668115721 4.73332822591585955507
0.31319845004821811330 5.54694643556395927675
2.28664839101586725434 5.00766990334575368138
2.15460138964132896788 5.46282959078580088175
2.05288517650615132126 4.77958558856898285683
4.88804331656820423291 5.50670795223672815411
2.40304746692417614540 5.08147325732124333086
2.56869452953667387618 5.20687885995467603095
1.82975992542852727851 4.59657288281821241327
0.54845223201817794312 5.02672980169040961584
3.17109618665691206374 5.59464519534729731731
3.04202069406098907223 5.00758373031827286326
2.40427774984484488030 5.02587069662433005846
0.17783466446688755980 5.29765031766491922838
2.61428678423983473778 5.22287414167373142959
2.30097798231624173226 4.97235843991046078116
3.90779317233162171163 5.09464675999863558786
2.05670542408801049206 5.23391325515157479487
1.38133497006974281796 5.00194962409217591670
1.16074177851887627710 4.67727926847729325033
1.72818199434723118735 5.36028437434454030353
3.20360620577791443964 0.72221490342365868287
3.06192918415754489203 1.57192109924852618796
4.01714916946928290997 1.16070646785280251478
1.40260821937859048170 1.08726535806305624199
4.08164950753008159978 0.87200342873960701162
3.15273080850729847668 0.98155871146978135311
3.45186350892706572679 0.42784083441525400104
3.85384313759320651371 0.79204790335061936446
1.57449255121269970914 1.34811125949102672550
4.72372077755589003800 0.62044135845940551199
2.87961084068125838797 0.75413741106601617226
0.96791347673342320590 1.16166819476447469306
1.53178107048227318820 1.10054852423247484516
4.13835915217872862826 1.24780979325077323594
3.16109021481560148459 1.29422893184152720814
2.95177038908261657468 0.89583143246419105754
3.27844295462274271102 1.75043926152066187107
2.12701849931180175801 0.95672042495826226105
3.32648884813478851186 1.28019066394938718645
2.54371489456784027894 0.95732715899860665321
3.23394699989436151810 1.08202324017686235536
4.43152976270459664221 0.54041000303653263792
3.56478625389548131608 1.11764714265784892433
4.25588482098627807204 0.90643957223606896889
4.05386581338837181931 0.53291862101578679756
3.08970176026787424206 1.08814448237698724320
2.84734459333254230629 0.26759253193168586193
3.63586048692582242126 1.12160194349235475819
1.95538863725949174643 1.32156856916150267089
2.88384004735031274080 0.80454506496766187151
3.48444387279062617324 1.13551448243795349846
3.49798412476306319618 1.10046402103477647394
2.45575933963834813767 0.78904654164250231929
3.20380009526982600931 1.02728074635582156127
3.00677253686735745930 0.62519128154126701880
1.96547973760887706440 1.21730760492887823965
2.17989333197444645762 1.30879830508622907459
2.61207029319283590141 0.99076855740849889553
3.95549911538245924092 0.83269298971650984598
3.64846481654751642054 1.62849697430869388981
4.18450010652644444065 0.45356203120082072555
3.78757230175683945461 1.45442904452269972104
3.30063654987213839220 1.28107588210840628307
3.02836363232282979041 1.35635188986732591054
3.18412175620568849155 1.41410798872959753147
4.16911896622533184598 0.20581037747702080054
3.24024211101909287436 1.14876237276451020897
3.91596067776885181644 1.01225773549028197351
2.96979716187389231052 1.01210305992920135409
1.12993855703860002215 0.77085284368266804300
2.71730798632891090705 0.48697554618095595380
3.11890169589726751198 0.69438335552254348837
2.40518020026055268090 1.11778122688426906350
2.95818429078718070357 1.01887095687536155530
1.65456308507905536231 1.18631174760104340926
2.39775806815311831599 1.24721387354975576933
2.28409305008867491438 0.64865469039646228566
2.79588724307625380305 0.99526663655139568920
3.41156277085912229552 1.15963629747065888331
3.50663521276111023184 0.73878104419415968618
3.93616028860350652963 1.46202934068824252911
3.90206657251599198233 1.27778750704831289831
2.61036396063336306739 0.88027601882737938066
4.37271861031596653646 1.02914091957093956076
3.08349136311966098845 1.19632644435682533590
2.11599350158773225061 0.79303650008834325469
2.15653404487101507669 0.40358860683519182100
2.14491101168209219452 1.13582399049839222194
1.84935524075847146364 1.02232643698028091706
4.15908160143412608534 0.61720732503627084853
2.76494499238132407370 1.43148950571126931663
3.90561153175835862328 1.16575314984320121958
2.54071672447809815409 0.98392515862974139207
4.27783068141813505036 1.18013679672855897884
3.31058166901869377341 1.03124460945124596378
2.15520661346202713204 0.80696562353456280370
3.71363658810456698234 0.45813208161612561931
3.54010186355470635178 0.86446135204746799019
1.60519991447771226412 1.10980530213423400632
1.75164337156182781108 0.68853536090484335208
3.12405122648795297025 0.67821756653040776719
2.37198785289473335069 1.42789607191630363303
2.53446019278852219259 1.21562081278823397312
3.68344650342553103783 1.22834537536079890785
3.26701339628305786889 0.32056675862367434160
3.94159139153504822772 0.82577437977041390216
3.26455140188384351774 1.38368689842555037117
4.30471138246601725541 1.10725995084914097255
2.68499375756295899365 0.35344943321349919785
3.12635184044126379632 1.28068929752375582076
2.94294355691998532620 1.02825076255693792504
3.11876541090855496918 1.33285458575911808232
2.02358977909443371601 0.44771613816053501544
3.62202931455419152584 1.28643763009241340889
2.42865878611477725713 0.86499284526695585651
2.09517296186559942583 1.14010491105068778595
5.29239452130693344145 0.36873298030350454280
2.07291708553381770486 1.16763850575034244805
0.94623208257571667090 0.24522252838203717484
2.73911907588631864385 1.10072283900958289848
6.00506533639882711384 2.72784171358738358748
6.05696410917364946869 2.94970433252040464822
6.77012766672152110914 3.21411421538358910155
5.64034678100148934021 2.69385282204864040523
5.63325402740743808039 2.99002338627958952344
6.17443156536343806806 3.29026488036754338751
7.24694794174513834406 2.96877424212775631318
5.58162906393065583188 3.33510374620604643781
5.36272050433673541647 3.14681192205833726305
4.70775773362376970255 2.78710869484093093362
7.42892098100415676498 3.46679489648892946718
6.64107248253353077416 3.05998737926515040897
6.37473651566591303919 2.56253059193191834453
7.28780324404840662567 2.75179884654476669681
6.20295230948485354361 2.67856178987697068905
5.38736041268199805643 2.26737345754828822919
5.66731030067745678025 2.96477867305219122684
6.59702155178648474987 3.07082376020694880481
7.75660559371376834292 3.15604464618241031815
6.63262745261793806861 3.14799182633015117716
5.76634958776834150029 3.14271707443468528709
5.99423154203092511949 2.75707858499230651361
6.37870407285421681109 2.65022320875713379706
5.74036233378503180091 3.10391306035014302722
4.61652441715091299557 2.79320715085564730273
5.33533998732649550334 3.03928694429779477915
5.37293912479369151214 2.81684775572927792453
5.03611161542772300947 2.92486087344737599736
5.52908676766033657657 3.33681576497828791261
6.05086942485744749831 2.80702594435166341569
5.13200899842994218147 2.19812194815030403916
5.73284944886580127843 2.87738132167697546748
6.78110731954724421655 3.05676866020901005783
6.44834448699252771320 3.35299224962210073997
6.39941481936649925188 2.89756948446833773048
5.86067924714769805661 2.99577128705546602561
6.44765183057758761720 3.16560945463435361447
5.36708110965155871241 3.19502551618813424028
5.88735565268495353308 3.34615566140180797916
3.96162465418692155694 2.72025046330053976718
6.28438193257960797666 3.17360643164338229738
4.20584788824544908437 2.81647368343716353323
5.32615581384644798391 3.03314047227260763506
7.17135203628469497517 3.41227270075658228876
7.49492750283800113209 2.84018754002182349794
7.39807241462806075560 3.48487030593916724541
5.02432984101498192331 2.98683178533485627071
5.31712478307404623479 2.81741356027975697884
5.87655236553885185202 3.21661109115456111951
6.03762833168062140743 2.68303511508921355144
5.91280272735456868816 2.85631937651658862620
6.69451358242475702554 2.89056082609642617243
6.01017977886098453411 2.72401338193584319214
6.92721968437419821640 3.19960025579105344917
6.33559521910805756306 3.30864291189389003733
6.24257070755216147973 2.79179268759513110609
5.57812293836361305921 3.24766016253934219904
6.40773862574576913431 2.67554950947050862453
6.80029525644138121976 3.17579577996111961369
7.21684032878071590744 2.72896574519004797565
6.51100739965339236903 2.72731906592627426633
4.60630533992679058741 3.32945800325238616679
7.65503226347219811743 2.87095628423877613500
5.50295759061625933128 2.62924634400425638603
6.63060698578979312856 3.01502301030045094521
3.45928006434528656499 2.68478444752326383949
8.20339815335981725752 2.41693495203943875538
4.95679427569342045956 2.89776296904358154904
5.37052667076546619285 2.44954813419983263856
5.69797866430799171411 2.94977131973388484454
6.27376270995478346748 2.24256036089031107750
5.05274526001881962856 2.75692162969797305294
6.88575583732899954015 2.88845269257305936605
4.18774419625996419114 2.89283463397707452103
5.97510327929312801132 3.02591909984658435917
6.09457129480268555710 2.61867974991437790777
5.72395697435407324605 3.04454219379047064109
4.37249767349334739208 3.05488217140188700327
6.29206262170893015906 2.77573855638417610336
5.14533035086872825303 4.13225691505722281249
6.58705650485459681676 3.37508345276687382608
5.78769095445569980996 3.29255127322685670066
6.72798097871288725003 3.00439830022543485910
6.64078938623087111637 2.41068838859053258261
6.23228877739853892592 2.72850902233193925994
6.21772723773190882923 2.80994633217705969130
5.78116301035605761882 3.07987786701562082925
6.62447253185096229799 2.74453742570676606505
5.19590823036107618549 3.06972936535177964856
5.87177180572464418873 3.25517730462475629594
5.89562099417057883244 2.89843977427688193060
5.61754319802637613890 2.59750710327404910061
5.63176103100417524416 3.04758747238100768939
5.50258659024281815419 3.11869075427649589116
6.48212628292834658339 2.55085139713540387518
7.30278708280302968348 3.38015978852107634722
6.99198434061175078114 2.98706728722547021349
4.82553409551138123845 2.77961663918050749800
6.11768055015371903238 2.85475655216479529130
0.94048944035319603785 5.71556802394312768456
