34.623661 89.446223
30.286711 93.885704
35.847408 88.193545
60.182598 63.283041
79.032738 43.987261
45.083279 78.739327
61.106663 62.337130
75.024742 48.090010
76.098785 46.990575
84.432823 38.459510
95.861557 26.760587
75.013657 48.101358
82.307053 40.635537
69.364586 53.883980
39.538338 84.415357
53.971050 69.641437
69.070145 54.185382
67.946854 55.335229
70.661507 52.556398
76.978783 46.089774
67.372025 55.923648
89.676773 33.091587
50.534790 73.158935
34.212063 89.867552
77.924095 45.122113
62.271015 61.145251
80.190178 42.802457
93.114388 29.572703
61.830208 61.596480
38.785805 85.185681
61.379288 62.058060
85.404518 37.464843
52.107979 71.548554
52.045406 71.612606
40.236893 83.700287
54.635105 68.961683
33.915501 90.171125
64.176987 59.194220
74.789253 48.331066
34.183640 89.896647
83.902397 39.002476
51.547722 72.122056
94.443367 28.212305
82.368752 40.572379
51.047752 72.633846
62.222675 61.194734
77.193031 45.870460
97.771599 24.805390
62.073063 61.347883
91.564972 31.158749
79.944817 43.053619
99.272530 23.268975
90.546715 32.201079
34.524513 89.547715
50.286495 73.413100
49.586678 74.129462
97.645638 24.934329
32.577202 91.541063
74.248688 48.884411
71.796463 51.394610
75.395615 47.710370
35.286114 88.768109
56.253819 67.304702
30.058823 94.118980
44.668262 79.164155
66.560898 56.753950
40.457550 83.474413
49.072563 74.655731
80.279572 42.710950
66.746719 56.563736
32.722832 91.391990
64.039322 59.335139
72.346497 50.831573
60.457886 63.001245
58.840958 64.656399
99.827858 22.700518
47.264271 76.506773
50.458160 73.237376
60.455555 63.003631
82.226662 40.717828
88.913895 33.872501
94.834503 27.811922
67.319260 55.977660
57.238705 66.296532
80.366753 42.621708
68.468521 54.801228
42.075455 81.818260
75.477699 47.626345
78.635422 44.393970
52.348003 71.302855
94.094330 28.569594
90.448547 32.301567
55.482162 68.094601
74.492691 48.634640
89.845810 32.918554
83.489166 39.425477
42.261700 81.627612
99.315010 23.225490
55.340019 68.240104
74.775894 48.344741
