-63.058829 4.678877
-63.008829 4.672346
-62.958829 4.665842
-62.908829 4.659363
-62.858829 4.652911
-62.808829 4.646484
-62.758829 4.640083
-62.708829 4.633706
-62.658829 4.627355
-62.608829 4.621028
-62.558829 4.614726
-62.508829 4.608448
-62.458829 4.602194
-62.408829 4.595964
-62.358829 4.589757
-62.308829 4.583573
-62.258829 4.577413
-62.208829 4.571275
-62.158829 4.565160
-62.108829 4.559067
-62.058829 4.552996
-62.008829 4.546948
-61.958829 4.540921
-61.908829 4.534916
-61.858829 4.528932
-61.808829 4.522969
-61.758829 4.517027
-61.708829 4.511105
-61.658829 4.505204
-61.608829 4.499324
-61.558829 4.493463
-61.508829 4.487623
-61.458829 4.481802
-61.408829 4.476000
-61.358829 4.470218
-61.308829 4.464455
-61.258829 4.458711
-61.208829 4.452985
-61.158829 4.447278
-61.108829 4.441589
-61.058829 4.435919
-61.008829 4.430267
-60.958829 4.424632
-60.908829 4.419015
-60.858829 4.413415
-60.808829 4.407833
-60.758829 4.402267
-60.708829 4.396719
-60.658829 4.391187
-60.608829 4.385672
-60.558829 4.380174
-60.508829 4.374691
-60.458829 4.369225
-60.408829 4.363774
-60.358829 4.358339
-60.308829 4.352920
-60.258829 4.347516
-60.208829 4.342128
-60.158829 4.336754
-60.108829 4.331396
-60.058829 4.326052
-60.008829 4.320723
-59.958829 4.315409
-59.908829 4.310108
-59.858829 4.304822
-59.808829 4.299550
-59.758829 4.294292
-59.708829 4.289048
-59.658829 4.283817
-59.608829 4.278600
-59.558829 4.273396
-59.508829 4.268205
-59.458829 4.263028
-59.408829 4.257863
-59.358829 4.252711
-59.308829 4.247571
-59.258829 4.242445
-59.208829 4.237330
-59.158829 4.232228
-59.108829 4.227138
-59.058829 4.222060
-59.008829 4.216993
-58.958829 4.211939
-58.908829 4.206896
-58.858829 4.201865
-58.808829 4.196845
-58.758829 4.191836
-58.708829 4.186839
-58.658829 4.181852
-58.608829 4.176877
-58.558829 4.171912
-58.508829 4.166958
-58.458829 4.162014
-58.408829 4.157081
-58.358829 4.152159
-58.308829 4.147246
-58.258829 4.142344
-58.208829 4.137452
-58.158829 4.132569
-58.108829 4.127697
-58.058829 4.122834
-58.008829 4.117981
-57.958829 4.113137
-57.908829 4.108303
-57.858829 4.103478
-57.808829 4.098663
-57.758829 4.093856
-57.708829 4.089059
-57.658829 4.084270
-57.608829 4.079491
-57.558829 4.074720
-57.508829 4.069958
-57.458829 4.065204
-57.408829 4.060459
-57.358829 4.055722
-57.308829 4.050994
-57.258829 4.046274
-57.208829 4.041562
-57.158829 4.036858
-57.108829 4.032162
-57.058829 4.027474
-57.008829 4.022794
-56.958829 4.018121
-56.908829 4.013457
-56.858829 4.008800
-56.808829 4.004150
-56.758829 3.999508
-56.708829 3.994873
-56.658829 3.990246
-56.608829 3.985625
-56.558829 3.981012
-56.508829 3.976406
-56.458829 3.971808
-56.408829 3.967216
-56.358829 3.962630
-56.308829 3.958052
-56.258829 3.953481
-56.208829 3.948916
-56.158829 3.944358
-56.108829 3.939806
-56.058829 3.935261
-56.008829 3.930722
-55.958829 3.926190
-55.908829 3.921664
-55.858829 3.917145
-55.808829 3.912631
-55.758829 3.908124
-55.708829 3.903623
-55.658829 3.899128
-55.608829 3.894639
-55.558829 3.890155
-55.508829 3.885678
-55.458829 3.881207
-55.408829 3.876741
-55.358829 3.872281
-55.308829 3.867827
-55.258829 3.863379
-55.208829 3.858936
-55.158829 3.854498
-55.108829 3.850066
-55.058829 3.845640
-55.008829 3.841219
-54.958829 3.836803
-54.908829 3.832393
-54.858829 3.827988
-54.808829 3.823589
-54.758829 3.819194
-54.708829 3.814805
-54.658829 3.810421
-54.608829 3.806042
-54.558829 3.801668
-54.508829 3.797299
-54.458829 3.792935
-54.408829 3.788576
-54.358829 3.784222
-54.308829 3.779872
-54.258829 3.775528
-54.208829 3.771189
-54.158829 3.766854
-54.108829 3.762524
-54.058829 3.758199
-54.008829 3.753878
-53.958829 3.749562
-53.908829 3.745251
-53.858829 3.740945
-53.808829 3.736643
-53.758829 3.732346
-53.708829 3.728053
-53.658829 3.723765
-53.608829 3.719481
-53.558829 3.715202
-53.508829 3.710927
-53.458829 3.706657
-53.408829 3.702391
-53.358829 3.698129
-53.308829 3.693872
-53.258829 3.689619
-53.208829 3.685371
-53.158829 3.681127
-53.108829 3.676887
-53.058829 3.672651
-53.008829 3.668420
-52.958829 3.664193
-52.908829 3.659970
-52.858829 3.655752
-52.808829 3.651538
-52.758829 3.647328
-52.708829 3.643122
-52.658829 3.638920
-52.608829 3.634722
-52.558829 3.630529
-52.508829 3.626340
-52.458829 3.622155
-52.408829 3.617974
-52.358829 3.613797
-52.308829 3.609624
-52.258829 3.605455
-52.208829 3.601291
-52.158829 3.597130
-52.108829 3.592974
-52.058829 3.588822
-52.008829 3.584674
-51.958829 3.580529
-51.908829 3.576389
-51.858829 3.572253
-51.808829 3.568121
-51.758829 3.563994
-51.708829 3.559870
-51.658829 3.555750
-51.608829 3.551634
-51.558829 3.547523
-51.508829 3.543415
-51.458829 3.539311
-51.408829 3.535212
-51.358829 3.531116
-51.308829 3.527025
-51.258829 3.522938
-51.208829 3.518854
-51.158829 3.514775
-51.108829 3.510700
-51.058829 3.506629
-51.008829 3.502562
-50.958829 3.498499
-50.908829 3.494440
-50.858829 3.490386
-50.808829 3.486335
-50.758829 3.482288
-50.708829 3.478246
-50.658829 3.474208
-50.608829 3.470174
-50.558829 3.466144
-50.508829 3.462118
-50.458829 3.458096
-50.408829 3.454079
-50.358829 3.450065
-50.308829 3.446056
-50.258829 3.442051
-50.208829 3.438050
-50.158829 3.434054
-50.108829 3.430061
-50.058829 3.426073
-50.008829 3.422089
-49.958829 3.418110
-49.908829 3.414135
-49.858829 3.410164
-49.808829 3.406197
-49.758829 3.402235
-49.708829 3.398277
-49.658829 3.394323
-49.608829 3.390374
-49.558829 3.386429
-49.508829 3.382488
-49.458829 3.378552
-49.408829 3.374620
-49.358829 3.370693
-49.308829 3.366770
-49.258829 3.362852
-49.208829 3.358938
-49.158829 3.355029
-49.108829 3.351124
-49.058829 3.347224
-49.008829 3.343329
-48.958829 3.339438
-48.908829 3.335551
-48.858829 3.331670
-48.808829 3.327793
-48.758829 3.323920
-48.708829 3.320052
-48.658829 3.316189
-48.608829 3.312331
-48.558829 3.308478
-48.508829 3.304629
-48.458829 3.300785
-48.408829 3.296946
-48.358829 3.293112
-48.308829 3.289282
-48.258829 3.285458
-48.208829 3.281638
-48.158829 3.277824
-48.108829 3.274014
-48.058829 3.270210
-48.008829 3.266410
-47.958829 3.262615
-47.908829 3.258826
-47.858829 3.255041
-47.808829 3.251262
-47.758829 3.247488
-47.708829 3.243719
-47.658829 3.239955
-47.608829 3.236197
-47.558829 3.232443
-47.508829 3.228695
-47.458829 3.224952
-47.408829 3.221215
-47.358829 3.217483
-47.308829 3.213756
-47.258829 3.210035
-47.208829 3.206319
-47.158829 3.202609
-47.108829 3.198904
-47.058829 3.195204
-47.008829 3.191511
-46.958829 3.187822
-46.908829 3.184140
-46.858829 3.180463
-46.808829 3.176792
-46.758829 3.173126
-46.708829 3.169466
-46.658829 3.165812
-46.608829 3.162164
-46.558829 3.158521
-46.508829 3.154884
-46.458829 3.151254
-46.408829 3.147629
-46.358829 3.144010
-46.308829 3.140397
-46.258829 3.136790
-46.208829 3.133189
-46.158829 3.129594
-46.108829 3.126006
-46.058829 3.122423
-46.008829 3.118847
-45.958829 3.115276
-45.908829 3.111712
-45.858829 3.108155
-45.808829 3.104603
-45.758829 3.101058
-45.708829 3.097519
-45.658829 3.093987
-45.608829 3.090461
-45.558829 3.086942
-45.508829 3.083429
-45.458829 3.079922
-45.408829 3.076423
-45.358829 3.072929
-45.308829 3.069443
-45.258829 3.065963
-45.208829 3.062489
-45.158829 3.059023
-45.108829 3.055563
-45.058829 3.052110
-45.008829 3.048664
-44.958829 3.045225
-44.908829 3.041792
-44.858829 3.038367
-44.808829 3.034949
-44.758829 3.031537
-44.708829 3.028133
-44.658829 3.024736
-44.608829 3.021345
-44.558829 3.017962
-44.508829 3.014587
-44.458829 3.011218
-44.408829 3.007857
-44.358829 3.004503
-44.308829 3.001156
-44.258829 2.997817
-44.208829 2.994485
-44.158829 2.991160
-44.108829 2.987843
-44.058829 2.984534
-44.008829 2.981232
-43.958829 2.977938
-43.908829 2.974651
-43.858829 2.971372
-43.808829 2.968101
-43.758829 2.964837
-43.708829 2.961581
-43.658829 2.958333
-43.608829 2.955093
-43.558829 2.951861
-43.508829 2.948636
-43.458829 2.945420
-43.408829 2.942211
-43.358829 2.939011
-43.308829 2.935819
-43.258829 2.932634
-43.208829 2.929458
-43.158829 2.926290
-43.108829 2.923131
-43.058829 2.919979
-43.008829 2.916836
-42.958829 2.913701
-42.908829 2.910575
-42.858829 2.907457
-42.808829 2.904347
-42.758829 2.901246
-42.708829 2.898154
-42.658829 2.895070
-42.608829 2.891994
-42.558829 2.888928
-42.508829 2.885870
-42.458829 2.882820
-42.408829 2.879779
-42.358829 2.876748
-42.308829 2.873725
-42.258829 2.870710
-42.208829 2.867705
-42.158829 2.864709
-42.108829 2.861721
-42.058829 2.858743
-42.008829 2.855774
-41.958829 2.852814
-41.908829 2.849863
-41.858829 2.846921
-41.808829 2.843988
-41.758829 2.841064
-41.708829 2.838150
-41.658829 2.835245
-41.608829 2.832350
-41.558829 2.829464
-41.508829 2.826587
-41.458829 2.823720
-41.408829 2.820862
-41.358829 2.818014
-41.308829 2.815176
-41.258829 2.812347
-41.208829 2.809527
-41.158829 2.806718
-41.108829 2.803918
-41.058829 2.801128
-41.008829 2.798348
-40.958829 2.795577
-40.908829 2.792817
-40.858829 2.790066
-40.808829 2.787326
-40.758829 2.784595
-40.708829 2.781875
-40.658829 2.779164
-40.608829 2.776464
-40.558829 2.773774
-40.508829 2.771094
-40.458829 2.768424
-40.408829 2.765765
-40.358829 2.763115
-40.308829 2.760477
-40.258829 2.757848
-40.208829 2.755230
-40.158829 2.752623
-40.108829 2.750026
-40.058829 2.747439
-40.008829 2.744863
-39.958829 2.742298
-39.908829 2.739743
-39.858829 2.737200
-39.808829 2.734666
-39.758829 2.732144
-39.708829 2.729632
-39.658829 2.727131
-39.608829 2.724642
-39.558829 2.722163
-39.508829 2.719694
-39.458829 2.717237
-39.408829 2.714791
-39.358829 2.712356
-39.308829 2.709933
-39.258829 2.707520
-39.208829 2.705118
-39.158829 2.702728
-39.108829 2.700349
-39.058829 2.697981
-39.008829 2.695625
-38.958829 2.693279
-38.908829 2.690946
-38.858829 2.688623
-38.808829 2.686313
-38.758829 2.684013
-38.708829 2.681726
-38.658829 2.679450
-38.608829 2.677185
-38.558829 2.674932
-38.508829 2.672691
-38.458829 2.670462
-38.408829 2.668244
-38.358829 2.666038
-38.308829 2.663844
-38.258829 2.661662
-38.208829 2.659492
-38.158829 2.657333
-38.108829 2.655187
-38.058829 2.653053
-38.008829 2.650931
-37.958829 2.648820
-37.908829 2.646723
-37.858829 2.644637
-37.808829 2.642563
-37.758829 2.640502
-37.708829 2.638453
-37.658829 2.636416
-37.608829 2.634391
-37.558829 2.632379
-37.508829 2.630380
-37.458829 2.628393
-37.408829 2.626418
-37.358829 2.624456
-37.308829 2.622506
-37.258829 2.620569
-37.208829 2.618645
-37.158829 2.616733
-37.108829 2.614834
-37.058829 2.612948
-37.008829 2.611074
-36.958829 2.609213
-36.908829 2.607366
-36.858829 2.605531
-36.808829 2.603708
-36.758829 2.601899
-36.708829 2.600103
-36.658829 2.598320
-36.608829 2.596550
-36.558829 2.594793
-36.508829 2.593049
-36.458829 2.591318
-36.408829 2.589601
-36.358829 2.587896
-36.308829 2.586205
-36.258829 2.584527
-36.208829 2.582863
-36.158829 2.581212
-36.108829 2.579574
-36.058829 2.577950
-36.008829 2.576339
-35.958829 2.574741
-35.908829 2.573158
-35.858829 2.571587
-35.808829 2.570031
-35.758829 2.568487
-35.708829 2.566958
-35.658829 2.565442
-35.608829 2.563940
-35.558829 2.562452
-35.508829 2.560978
-35.458829 2.559517
-35.408829 2.558070
-35.358829 2.556637
-35.308829 2.555218
-35.258829 2.553813
-35.208829 2.552422
-35.158829 2.551045
-35.108829 2.549682
-35.058829 2.548333
-35.008829 2.546998
-34.958829 2.545678
-34.908829 2.544371
-34.858829 2.543079
-34.808829 2.541801
-34.758829 2.540537
-34.708829 2.539288
-34.658829 2.538052
-34.608829 2.536832
-34.558829 2.535625
-34.508829 2.534433
-34.458829 2.533256
-34.408829 2.532093
-34.358829 2.530945
-34.308829 2.529811
-34.258829 2.528691
-34.208829 2.527587
-34.158829 2.526497
-34.108829 2.525421
-34.058829 2.524361
-34.008829 2.523315
-33.958829 2.522284
-33.908829 2.521267
-33.858829 2.520266
-33.808829 2.519279
-33.758829 2.518307
-33.708829 2.517350
-33.658829 2.516409
-33.608829 2.515482
-33.558829 2.514570
-33.508829 2.513673
-33.458829 2.512791
-33.408829 2.511924
-33.358829 2.511073
-33.308829 2.510237
-33.258829 2.509415
-33.208829 2.508609
-33.158829 2.507819
-33.108829 2.507043
-33.058829 2.506283
-33.008829 2.505538
-32.958829 2.504809
-32.908829 2.504095
-32.858829 2.503396
-32.808829 2.502713
-32.758829 2.502045
-32.708829 2.501393
-32.658829 2.500756
-32.608829 2.500135
-32.558829 2.499530
-32.508829 2.498940
-32.458829 2.498366
-32.408829 2.497807
-32.358829 2.497264
-32.308829 2.496737
-32.258829 2.496226
-32.208829 2.495730
-32.158829 2.495251
-32.108829 2.494787
-32.058829 2.494339
-32.008829 2.493907
-31.958829 2.493490
-31.908829 2.493090
-31.858829 2.492706
-31.808829 2.492338
-31.758829 2.491985
-31.708829 2.491649
-31.658829 2.491329
-31.608829 2.491025
-31.558829 2.490737
-31.508829 2.490466
-31.458829 2.490210
-31.408829 2.489971
-31.358829 2.489748
-31.308829 2.489542
-31.258829 2.489351
-31.208829 2.489177
-31.158829 2.489020
-31.108829 2.488878
-31.058829 2.488753
-31.008829 2.488645
-30.958829 2.488553
-30.908829 2.488477
-30.858829 2.488418
-30.808829 2.488376
-30.758829 2.488350
-30.708829 2.488341
-30.658829 2.488348
-30.608829 2.488372
-30.558829 2.488413
-30.508829 2.488470
-30.458829 2.488544
-30.408829 2.488635
-30.358829 2.488742
-30.308829 2.488866
-30.258829 2.489008
-30.208829 2.489165
-30.158829 2.489340
-30.108829 2.489532
-30.058829 2.489741
-30.008829 2.489966
-29.958829 2.490209
-29.908829 2.490468
-29.858829 2.490745
-29.808829 2.491038
-29.758829 2.491349
-29.708829 2.491677
-29.658829 2.492021
-29.608829 2.492383
-29.558829 2.492762
-29.508829 2.493159
-29.458829 2.493572
-29.408829 2.494003
-29.358829 2.494451
-29.308829 2.494916
-29.258829 2.495399
-29.208829 2.495898
-29.158829 2.496416
-29.108829 2.496950
-29.058829 2.497502
-29.008829 2.498072
-28.958829 2.498658
-28.908829 2.499263
-28.858829 2.499884
-28.808829 2.500524
-28.758829 2.501180
-28.708829 2.501855
-28.658829 2.502547
-28.608829 2.503256
-28.558829 2.503983
-28.508829 2.504728
-28.458829 2.505490
-28.408829 2.506270
-28.358829 2.507068
-28.308829 2.507884
-28.258829 2.508717
-28.208829 2.509568
-28.158829 2.510437
-28.108829 2.511324
-28.058829 2.512228
-28.008829 2.513151
-27.958829 2.514091
-27.908829 2.515049
-27.858829 2.516025
-27.808829 2.517019
-27.758829 2.518031
-27.708829 2.519061
-27.658829 2.520109
-27.608829 2.521175
-27.558829 2.522260
-27.508829 2.523362
-27.458829 2.524482
-27.408829 2.525620
-27.358829 2.526777
-27.308829 2.527952
-27.258829 2.529145
-27.208829 2.530356
-27.158829 2.531585
-27.108829 2.532833
-27.058829 2.534099
-27.008829 2.535383
-26.958829 2.536685
-26.908829 2.538006
-26.858829 2.539345
-26.808829 2.540703
-26.758829 2.542079
-26.708829 2.543473
-26.658829 2.544886
-26.608829 2.546317
-26.558829 2.547767
-26.508829 2.549235
-26.458829 2.550721
-26.408829 2.552227
-26.358829 2.553750
-26.308829 2.555293
-26.258829 2.556854
-26.208829 2.558433
-26.158829 2.560031
-26.108829 2.561648
-26.058829 2.563284
-26.008829 2.564938
-25.958829 2.566611
-25.908829 2.568302
-25.858829 2.570013
-25.808829 2.571742
-25.758829 2.573490
-25.708829 2.575257
-25.658829 2.577042
-25.608829 2.578847
-25.558829 2.580670
-25.508829 2.582512
-25.458829 2.584373
-25.408829 2.586253
-25.358829 2.588152
-25.308829 2.590070
-25.258829 2.592007
-25.208829 2.593963
-25.158829 2.595938
-25.108829 2.597932
-25.058829 2.599945
-25.008829 2.601977
-24.958829 2.604029
-24.908829 2.606099
-24.858829 2.608188
-24.808829 2.610297
-24.758829 2.612425
-24.708829 2.614572
-24.658829 2.616738
-24.608829 2.618923
-24.558829 2.621128
-24.508829 2.623352
-24.458829 2.625595
-24.408829 2.627858
-24.358829 2.630140
-24.308829 2.632441
-24.258829 2.634761
-24.208829 2.637101
-24.158829 2.639461
-24.108829 2.641839
-24.058829 2.644238
-24.008829 2.646655
-23.958829 2.649092
-23.908829 2.651549
-23.858829 2.654025
-23.808829 2.656521
-23.758829 2.659036
-23.708829 2.661570
-23.658829 2.664125
-23.608829 2.666699
-23.558829 2.669292
-23.508829 2.671905
-23.458829 2.674538
-23.408829 2.677190
-23.358829 2.679863
-23.308829 2.682554
-23.258829 2.685266
-23.208829 2.687997
-23.158829 2.690748
-23.108829 2.693519
-23.058829 2.696310
-23.008829 2.699120
-22.958829 2.701950
-22.908829 2.704800
-22.858829 2.707670
-22.808829 2.710560
-22.758829 2.713470
-22.708829 2.716399
-22.658829 2.719349
-22.608829 2.722318
-22.558829 2.725308
-22.508829 2.728317
-22.458829 2.731347
-22.408829 2.734396
-22.358829 2.737466
-22.308829 2.740555
-22.258829 2.743665
-22.208829 2.746795
-22.158829 2.749945
-22.108829 2.753115
-22.058829 2.756305
-22.008829 2.759515
-21.958829 2.762745
-21.908829 2.765996
-21.858829 2.769267
-21.808829 2.772558
-21.758829 2.775869
-21.708829 2.779201
-21.658829 2.782553
-21.608829 2.785925
-21.558829 2.789317
-21.508829 2.792730
-21.458829 2.796163
-21.408829 2.799617
-21.358829 2.803091
-21.308829 2.806585
-21.258829 2.810100
-21.208829 2.813635
-21.158829 2.817191
-21.108829 2.820767
-21.058829 2.824364
-21.008829 2.827981
-20.958829 2.831618
-20.908829 2.835276
-20.858829 2.838955
-20.808829 2.842655
-20.758829 2.846374
-20.708829 2.850115
-20.658829 2.853876
-20.608829 2.857658
-20.558829 2.861460
-20.508829 2.865283
-20.458829 2.869127
-20.408829 2.872992
-20.358829 2.876877
-20.308829 2.880783
-20.258829 2.884710
-20.208829 2.888657
-20.158829 2.892626
-20.108829 2.896615
-20.058829 2.900625
-20.008829 2.904656
-19.958829 2.908707
-19.908829 2.912780
-19.858829 2.916873
-19.808829 2.920988
-19.758829 2.925123
-19.708829 2.929280
-19.658829 2.933457
-19.608829 2.937655
-19.558829 2.941874
-19.508829 2.946115
-19.458829 2.950376
-19.408829 2.954659
-19.358829 2.958962
-19.308829 2.963287
-19.258829 2.967632
-19.208829 2.971999
-19.158829 2.976387
-19.108829 2.980796
-19.058829 2.985227
-19.008829 2.989678
-18.958829 2.994151
-18.908829 2.998645
-18.858829 3.003160
-18.808829 3.007697
-18.758829 3.012254
-18.708829 3.016833
-18.658829 3.021434
-18.608829 3.026056
-18.558829 3.030699
-18.508829 3.035363
-18.458829 3.040049
-18.408829 3.044756
-18.358829 3.049485
-18.308829 3.054235
-18.258829 3.059007
-18.208829 3.063800
-18.158829 3.068614
-18.108829 3.073450
-18.058829 3.078308
-18.008829 3.083187
-17.958829 3.088088
-17.908829 3.093010
-17.858829 3.097954
-17.808829 3.102920
-17.758829 3.107907
-17.708829 3.112916
-17.658829 3.117947
-17.608829 3.122999
-17.558829 3.128073
-17.508829 3.133169
-17.458829 3.138286
-17.408829 3.143425
-17.358829 3.148586
-17.308829 3.153769
-17.258829 3.158974
-17.208829 3.164200
-17.158829 3.169449
-17.108829 3.174719
-17.058829 3.180011
-17.008829 3.185325
-16.958829 3.190661
-16.908829 3.196019
-16.858829 3.201399
-16.808829 3.206801
-16.758829 3.212225
-16.708829 3.217671
-16.658829 3.223139
-16.608829 3.228629
-16.558829 3.234141
-16.508829 3.239675
-16.458829 3.245232
-16.408829 3.250810
-16.358829 3.256411
-16.308829 3.262034
-16.258829 3.267679
-16.208829 3.273346
-16.158829 3.279035
-16.108829 3.284747
-16.058829 3.290481
-16.008829 3.296237
-15.958829 3.302016
-15.908829 3.307817
-15.858829 3.313640
-15.808829 3.319486
-15.758829 3.325354
-15.708829 3.331245
-15.658829 3.337157
-15.608829 3.343093
-15.558829 3.349051
-15.508829 3.355031
-15.458829 3.361034
-15.408829 3.367059
-15.358829 3.373107
-15.308829 3.379178
-15.258829 3.385271
-15.208829 3.391386
-15.158829 3.397525
-15.108829 3.403686
-15.058829 3.409869
-15.008829 3.416075
-14.958829 3.422304
-14.908829 3.428556
-14.858829 3.434831
-14.808829 3.441128
-14.758829 3.447448
-14.708829 3.453791
-14.658829 3.460157
-14.608829 3.466545
-14.558829 3.472956
-14.508829 3.479391
-14.458829 3.485848
-14.408829 3.492328
-14.358829 3.498831
-14.308829 3.505357
-14.258829 3.511906
-14.208829 3.518478
-14.158829 3.525074
-14.108829 3.531692
-14.058829 3.538333
-14.008829 3.544997
-13.958829 3.551685
-13.908829 3.558396
-13.858829 3.565129
-13.808829 3.571886
-13.758829 3.578667
-13.708829 3.585470
-13.658829 3.592297
-13.608829 3.599147
-13.558829 3.606020
-13.508829 3.612917
-13.458829 3.619836
-13.408829 3.626780
-13.358829 3.633746
-13.308829 3.640737
-13.258829 3.647750
-13.208829 3.654787
-13.158829 3.661847
-13.108829 3.668931
-13.058829 3.676039
-13.008829 3.683170
-12.958829 3.690324
-12.908829 3.697503
-12.858829 3.704704
-12.808829 3.711930
-12.758829 3.719179
-12.708829 3.726451
-12.658829 3.733748
-12.608829 3.741068
-12.558829 3.748412
-12.508829 3.755780
-12.458829 3.763171
-12.408829 3.770586
-12.358829 3.778025
-12.308829 3.785488
-12.258829 3.792975
-12.208829 3.800486
-12.158829 3.808021
-12.108829 3.815579
-12.058829 3.823162
-12.008829 3.830769
-11.958829 3.838399
-11.908829 3.846054
-11.858829 3.853733
-11.808829 3.861436
-11.758829 3.869163
-11.708829 3.876914
-11.658829 3.884690
-11.608829 3.892489
-11.558829 3.900313
-11.508829 3.908161
-11.458829 3.916033
-11.408829 3.923930
-11.358829 3.931851
-11.308829 3.939796
-11.258829 3.947766
-11.208829 3.955760
-11.158829 3.963779
-11.108829 3.971822
-11.058829 3.979889
-11.008829 3.987981
-10.958829 3.996098
-10.908829 4.004239
-10.858829 4.012405
-10.808829 4.020595
-10.758829 4.028810
-10.708829 4.037049
-10.658829 4.045313
-10.608829 4.053602
-10.558829 4.061916
-10.508829 4.070255
-10.458829 4.078618
-10.408829 4.087006
-10.358829 4.095419
-10.308829 4.103857
-10.258829 4.112319
-10.208829 4.120807
-10.158829 4.129319
-10.108829 4.137857
-10.058829 4.146420
-10.008829 4.155007
-9.958829 4.163620
-9.908829 4.172258
-9.858829 4.180920
-9.808829 4.189608
-9.758829 4.198322
-9.708829 4.207060
-9.658829 4.215824
-9.608829 4.224612
-9.558829 4.233427
-9.508829 4.242266
-9.458829 4.251131
-9.408829 4.260021
-9.358829 4.268937
-9.308829 4.277878
-9.258829 4.286844
-9.208829 4.295836
-9.158829 4.304854
-9.108829 4.313897
-9.058829 4.322965
-9.008829 4.332060
-8.958829 4.341179
-8.908829 4.350325
-8.858829 4.359496
-8.808829 4.368693
-8.758829 4.377916
-8.708829 4.387164
-8.658829 4.396439
-8.608829 4.405739
-8.558829 4.415065
-8.508829 4.424417
-8.458829 4.433794
-8.408829 4.443198
-8.358829 4.452628
-8.308829 4.462084
-8.258829 4.471566
-8.208829 4.481074
-8.158829 4.490608
-8.108829 4.500168
-8.058829 4.509754
-8.008829 4.519367
-7.958829 4.529006
-7.908829 4.538671
-7.858829 4.548363
-7.808829 4.558080
-7.758829 4.567825
-7.708829 4.577595
-7.658829 4.587392
-7.608829 4.597216
-7.558829 4.607066
-7.508829 4.616942
-7.458829 4.626846
-7.408829 4.636775
-7.358829 4.646732
-7.308829 4.656715
-7.258829 4.666724
-7.208829 4.676761
-7.158829 4.686824
-7.108829 4.696914
-7.058829 4.707031
-7.008829 4.717175
-6.958829 4.727345
-6.908829 4.737543
-6.858829 4.747767
-6.808829 4.758019
-6.758829 4.768298
-6.708829 4.778603
-6.658829 4.788936
-6.608829 4.799296
-6.558829 4.809683
-6.508829 4.820097
-6.458829 4.830539
-6.408829 4.841008
-6.358829 4.851504
-6.308829 4.862028
-6.258829 4.872578
-6.208829 4.883157
-6.158829 4.893763
-6.108829 4.904396
-6.058829 4.915057
-6.008829 4.925745
-5.958829 4.936461
-5.908829 4.947205
-5.858829 4.957976
-5.808829 4.968775
-5.758829 4.979602
-5.708829 4.990457
-5.658829 5.001339
-5.608829 5.012250
-5.558829 5.023188
-5.508829 5.034154
-5.458829 5.045148
-5.408829 5.056170
-5.358829 5.067220
-5.308829 5.078299
-5.258829 5.089405
-5.208829 5.100540
-5.158829 5.111703
-5.108829 5.122894
-5.058829 5.134113
-5.008829 5.145361
-4.958829 5.156637
-4.908829 5.167941
-4.858829 5.179274
-4.808829 5.190636
-4.758829 5.202025
-4.708829 5.213444
-4.658829 5.224891
-4.608829 5.236367
-4.558829 5.247871
-4.508829 5.259404
-4.458829 5.270966
-4.408829 5.282557
-4.358829 5.294176
-4.308829 5.305825
-4.258829 5.317502
-4.208829 5.329208
-4.158829 5.340944
-4.108829 5.352708
-4.058829 5.364502
-4.008829 5.376324
-3.958829 5.388176
-3.908829 5.400057
-3.858829 5.411967
-3.808829 5.423907
-3.758829 5.435876
-3.708829 5.447874
-3.658829 5.459902
-3.608829 5.471959
-3.558829 5.484046
-3.508829 5.496162
-3.458829 5.508308
-3.408829 5.520484
-3.358829 5.532689
-3.308829 5.544924
-3.258829 5.557189
-3.208829 5.569483
-3.158829 5.581808
-3.108829 5.594162
-3.058829 5.606546
-3.008829 5.618961
-2.958829 5.631405
-2.908829 5.643880
-2.858829 5.656384
-2.808829 5.668919
-2.758829 5.681484
-2.708829 5.694080
-2.658829 5.706705
-2.608829 5.719361
-2.558829 5.732048
-2.508829 5.744765
-2.458829 5.757512
-2.408829 5.770290
-2.358829 5.783099
-2.308829 5.795938
-2.258829 5.808808
-2.208829 5.821709
-2.158829 5.834640
-2.108829 5.847602
-2.058829 5.860596
-2.008829 5.873620
-1.958829 5.886675
-1.908829 5.899761
-1.858829 5.912878
-1.808829 5.926027
-1.758829 5.939206
-1.708829 5.952417
-1.658829 5.965659
-1.608829 5.978932
-1.558829 5.992237
-1.508829 6.005573
-1.458829 6.018941
-1.408829 6.032340
-1.358829 6.045771
-1.308829 6.059234
-1.258829 6.072728
-1.208829 6.086254
-1.158829 6.099811
-1.108829 6.113401
-1.058829 6.127022
-1.008829 6.140675
-0.958829 6.154361
-0.908829 6.168078
-0.858829 6.181828
-0.808829 6.195609
-0.758829 6.209423
-0.708829 6.223269
-0.658829 6.237147
-0.608829 6.251058
-0.558829 6.265001
-0.508829 6.278977
-0.458829 6.292985
-0.408829 6.307026
-0.358829 6.321099
-0.308829 6.335205
-0.258829 6.349344
-0.208829 6.363515
-0.158829 6.377720
-0.108829 6.391957
-0.058829 6.406227
-0.008829 6.420530
0.041171 6.434867
0.091171 6.449236
0.141171 6.463639
0.191171 6.478075
0.241171 6.492544
0.291171 6.507046
0.341171 6.521582
0.391171 6.536152
0.441171 6.550755
0.491171 6.565391
0.541171 6.580061
0.591171 6.594765
0.641171 6.609503
0.691171 6.624274
0.741171 6.639079
0.791171 6.653919
0.841171 6.668792
0.891171 6.683699
0.941171 6.698640
0.991171 6.713616
1.041171 6.728626
1.091171 6.743670
1.141171 6.758748
1.191171 6.773861
1.241171 6.789008
1.291171 6.804190
1.341171 6.819406
1.391171 6.834658
1.441171 6.849943
1.491171 6.865264
1.541171 6.880619
1.591171 6.896009
1.641171 6.911435
1.691171 6.926895
1.741171 6.942390
1.791171 6.957921
1.841171 6.973487
1.891171 6.989088
1.941171 7.004724
1.991171 7.020396
2.041171 7.036103
2.091171 7.051846
2.141171 7.067624
2.191171 7.083438
2.241171 7.099288
2.291171 7.115173
2.341171 7.131095
2.391171 7.147052
2.441171 7.163045
2.491171 7.179075
2.541171 7.195140
2.591171 7.211242
2.641171 7.227380
2.691171 7.243554
2.741171 7.259765
2.791171 7.276012
2.841171 7.292295
2.891171 7.308616
2.941171 7.324973
2.991171 7.341366
3.041171 7.357797
3.091171 7.374264
3.141171 7.390768
3.191171 7.407310
3.241171 7.423888
3.291171 7.440503
3.341171 7.457156
3.391171 7.473846
3.441171 7.490574
3.491171 7.507339
3.541171 7.524141
3.591171 7.540981
3.641171 7.557858
3.691171 7.574774
3.741171 7.591727
3.791171 7.608718
3.841171 7.625747
3.891171 7.642814
3.941171 7.659919
3.991171 7.677062
4.041171 7.694243
4.091171 7.711463
4.141171 7.728721
4.191171 7.746017
4.241171 7.763353
4.291171 7.780726
4.341171 7.798139
4.391171 7.815590
4.441171 7.833080
4.491171 7.850609
4.541171 7.868177
4.591171 7.885784
4.641171 7.903430
4.691171 7.921115
4.741171 7.938840
4.791171 7.956604
4.841171 7.974407
4.891171 7.992250
4.941171 8.010133
4.991171 8.028055
5.041171 8.046017
5.091171 8.064019
5.141171 8.082061
5.191171 8.100143
5.241171 8.118265
5.291171 8.136427
5.341171 8.154629
5.391171 8.172872
5.441171 8.191155
5.491171 8.209479
5.541171 8.227843
5.591171 8.246248
5.641171 8.264694
5.691171 8.283180
5.741171 8.301708
5.791171 8.320276
5.841171 8.338886
5.891171 8.357536
5.941171 8.376228
5.991171 8.394962
6.041171 8.413736
6.091171 8.432553
6.141171 8.451411
6.191171 8.470310
6.241171 8.489251
6.291171 8.508234
6.341171 8.527260
6.391171 8.546327
6.441171 8.565436
6.491171 8.584587
6.541171 8.603781
6.591171 8.623017
6.641171 8.642296
6.691171 8.661617
6.741171 8.680981
6.791171 8.700388
6.841171 8.719837
6.891171 8.739330
6.941171 8.758865
6.991171 8.778443
7.041171 8.798065
7.091171 8.817730
7.141171 8.837439
7.191171 8.857190
7.241171 8.876986
7.291171 8.896825
7.341171 8.916708
7.391171 8.936635
7.441171 8.956605
7.491171 8.976620
7.541171 8.996679
7.591171 9.016782
7.641171 9.036930
7.691171 9.057122
7.741171 9.077358
7.791171 9.097639
7.841171 9.117965
7.891171 9.138336
7.941171 9.158751
7.991171 9.179212
8.041171 9.199717
8.091171 9.220268
8.141171 9.240864
8.191171 9.261506
8.241171 9.282193
8.291171 9.302926
8.341171 9.323704
8.391171 9.344529
8.441171 9.365399
8.491171 9.386315
8.541171 9.407277
8.591171 9.428286
8.641171 9.449341
8.691171 9.470442
8.741171 9.491590
8.791171 9.512785
8.841171 9.534026
8.891171 9.555314
8.941171 9.576649
8.991171 9.598032
9.041171 9.619461
9.091171 9.640938
9.141171 9.662462
9.191171 9.684033
9.241171 9.705652
9.291171 9.727319
9.341171 9.749034
9.391171 9.770797
9.441171 9.792607
9.491171 9.814466
9.541171 9.836373
9.591171 9.858329
9.641171 9.880333
9.691171 9.902385
9.741171 9.924486
9.791171 9.946637
9.841171 9.968836
9.891171 9.991084
9.941171 10.013381
9.991171 10.035727
10.041171 10.058123
10.091171 10.080569
10.141171 10.103064
10.191171 10.125609
10.241171 10.148203
10.291171 10.170848
10.341171 10.193543
10.391171 10.216288
10.441171 10.239083
10.491171 10.261929
10.541171 10.284825
10.591171 10.307772
10.641171 10.330770
10.691171 10.353819
10.741171 10.376918
10.791171 10.400069
10.841171 10.423272
10.891171 10.446525
10.941171 10.469831
10.991171 10.493187
11.041171 10.516596
11.091171 10.540057
11.141171 10.563569
11.191171 10.587134
11.241171 10.610751
11.291171 10.634421
11.341171 10.658143
11.391171 10.681917
11.441171 10.705745
11.491171 10.729625
11.541171 10.753559
11.591171 10.777545
11.641171 10.801585
11.691171 10.825679
11.741171 10.849826
11.791171 10.874026
11.841171 10.898281
11.891171 10.922589
11.941171 10.946952
11.991171 10.971369
12.041171 10.995840
12.091171 11.020366
12.141171 11.044946
12.191171 11.069581
12.241171 11.094271
12.291171 11.119016
12.341171 11.143817
12.391171 11.168672
12.441171 11.193583
12.491171 11.218550
12.541171 11.243572
12.591171 11.268651
12.641171 11.293785
12.691171 11.318975
12.741171 11.344222
12.791171 11.369525
12.841171 11.394885
12.891171 11.420301
12.941171 11.445775
12.991171 11.471305
13.041171 11.496893
13.091171 11.522538
13.141171 11.548240
13.191171 11.574000
13.241171 11.599817
13.291171 11.625693
13.341171 11.651626
13.391171 11.677618
13.441171 11.703668
13.491171 11.729777
13.541171 11.755944
13.591171 11.782170
13.641171 11.808455
13.691171 11.834799
13.741171 11.861202
13.791171 11.887665
13.841171 11.914187
13.891171 11.940769
13.941171 11.967411
13.991171 11.994112
14.041171 12.020874
14.091171 12.047697
14.141171 12.074579
14.191171 12.101523
14.241171 12.128527
14.291171 12.155592
14.341171 12.182719
14.391171 12.209906
14.441171 12.237155
14.491171 12.264466
14.541171 12.291838
14.591171 12.319273
14.641171 12.346769
14.691171 12.374328
14.741171 12.401949
14.791171 12.429633
14.841171 12.457379
14.891171 12.485189
14.941171 12.513061
14.991171 12.540997
15.041171 12.568996
15.091171 12.597059
15.141171 12.625186
15.191171 12.653376
15.241171 12.681631
15.291171 12.709950
15.341171 12.738333
15.391171 12.766781
15.441171 12.795294
15.491171 12.823872
15.541171 12.852515
15.591171 12.881223
15.641171 12.909997
15.691171 12.938837
15.741171 12.967742
15.791171 12.996713
15.841171 13.025751
15.891171 13.054855
15.941171 13.084026
15.991171 13.113263
16.041171 13.142568
16.091171 13.171940
16.141171 13.201378
16.191171 13.230885
16.241171 13.260459
16.291171 13.290101
16.341171 13.319811
16.391171 13.349590
16.441171 13.379436
16.491171 13.409352
16.541171 13.439336
16.591171 13.469390
16.641171 13.499512
16.691171 13.529704
16.741171 13.559966
16.791171 13.590297
16.841171 13.620698
16.891171 13.651170
16.941171 13.681712
16.991171 13.712324
17.041171 13.743008
17.091171 13.773762
17.141171 13.804587
17.191171 13.835484
17.241171 13.866453
17.291171 13.897493
17.341171 13.928605
17.391171 13.959790
17.441171 13.991046
17.491171 14.022376
17.541171 14.053778
17.591171 14.085253
17.641171 14.116802
17.691171 14.148424
17.741171 14.180119
17.791171 14.211889
17.841171 14.243732
17.891171 14.275650
17.941171 14.307642
17.991171 14.339709
18.041171 14.371851
18.091171 14.404068
18.141171 14.436361
18.191171 14.468729
18.241171 14.501173
18.291171 14.533692
18.341171 14.566288
18.391171 14.598961
18.441171 14.631710
18.491171 14.664536
18.541171 14.697439
18.591171 14.730420
18.641171 14.763478
18.691171 14.796614
18.741171 14.829828
18.791171 14.863120
18.841171 14.896491
18.891171 14.929940
18.941171 14.963469
18.991171 14.997076
19.041171 15.030763
19.091171 15.064530
19.141171 15.098376
19.191171 15.132303
19.241171 15.166310
19.291171 15.200398
19.341171 15.234566
19.391171 15.268816
19.441171 15.303147
19.491171 15.337559
19.541171 15.372053
19.591171 15.406629
19.641171 15.441288
19.691171 15.476029
19.741171 15.510853
19.791171 15.545760
19.841171 15.580750
19.891171 15.615824
19.941171 15.650981
19.991171 15.686223
20.041171 15.721549
20.091171 15.756959
20.141171 15.792454
20.191171 15.828035
20.241171 15.863700
20.291171 15.899451
20.341171 15.935288
20.391171 15.971211
20.441171 16.007221
20.491171 16.043317
20.541171 16.079500
20.591171 16.115770
20.641171 16.152127
20.691171 16.188572
20.741171 16.225105
20.791171 16.261727
20.841171 16.298436
20.891171 16.335235
20.941171 16.372123
20.991171 16.409100
21.041171 16.446166
21.091171 16.483322
21.141171 16.520569
21.191171 16.557906
21.241171 16.595333
21.291171 16.632852
21.341171 16.670461
21.391171 16.708163
21.441171 16.745956
21.491171 16.783841
21.541171 16.821819
21.591171 16.859889
21.641171 16.898052
21.691171 16.936309
21.741171 16.974659
21.791171 17.013103
21.841171 17.051641
21.891171 17.090273
21.941171 17.129001
21.991171 17.167823
22.041171 17.206740
22.091171 17.245754
22.141171 17.284863
22.191171 17.324068
22.241171 17.363370
22.291171 17.402768
22.341171 17.442264
22.391171 17.481857
22.441171 17.521548
22.491171 17.561338
22.541171 17.601225
22.591171 17.641211
22.641171 17.681296
22.691171 17.721481
22.741171 17.761765
22.791171 17.802149
22.841171 17.842633
22.891171 17.883218
22.941171 17.923904
22.991171 17.964691
23.041171 18.005579
23.091171 18.046570
23.141171 18.087662
23.191171 18.128857
23.241171 18.170155
23.291171 18.211557
23.341171 18.253061
23.391171 18.294670
23.441171 18.336383
23.491171 18.378200
23.541171 18.420122
23.591171 18.462150
23.641171 18.504283
23.691171 18.546522
23.741171 18.588867
23.791171 18.631319
23.841171 18.673877
23.891171 18.716543
23.941171 18.759317
23.991171 18.802198
24.041171 18.845188
24.091171 18.888286
24.141171 18.931494
24.191171 18.974811
24.241171 19.018237
24.291171 19.061774
24.341171 19.105421
24.391171 19.149180
24.441171 19.193049
24.491171 19.237030
24.541171 19.281122
24.591171 19.325327
24.641171 19.369645
24.691171 19.414076
24.741171 19.458620
24.791171 19.503278
24.841171 19.548050
24.891171 19.592937
24.941171 19.637938
24.991171 19.683055
25.041171 19.728288
25.091171 19.773636
25.141171 19.819101
25.191171 19.864683
25.241171 19.910382
25.291171 19.956199
25.341171 20.002134
25.391171 20.048187
25.441171 20.094359
25.491171 20.140650
25.541171 20.187060
25.591171 20.233591
25.641171 20.280242
25.691171 20.327014
25.741171 20.373907
25.791171 20.420922
25.841171 20.468058
25.891171 20.515317
25.941171 20.562699
25.991171 20.610205
26.041171 20.657833
26.091171 20.705586
26.141171 20.753464
26.191171 20.801466
26.241171 20.849594
26.291171 20.897847
26.341171 20.946227
26.391171 20.994733
26.441171 21.043367
26.491171 21.092128
26.541171 21.141016
26.591171 21.190033
26.641171 21.239179
26.691171 21.288454
26.741171 21.337859
26.791171 21.387394
26.841171 21.437059
26.891171 21.486856
26.941171 21.536784
26.991171 21.586843
27.041171 21.637036
27.091171 21.687360
27.141171 21.737819
27.191171 21.788410
27.241171 21.839136
27.291171 21.889997
27.341171 21.940993
27.391171 21.992124
27.441171 22.043391
27.491171 22.094795
27.541171 22.146336
27.591171 22.198014
27.641171 22.249830
27.691171 22.301784
27.741171 22.353877
27.791171 22.406110
27.841171 22.458482
27.891171 22.510995
27.941171 22.563648
27.991171 22.616443
28.041171 22.669380
28.091171 22.722458
28.141171 22.775680
28.191171 22.829045
28.241171 22.882553
28.291171 22.936206
28.341171 22.990003
28.391171 23.043946
28.441171 23.098034
28.491171 23.152269
28.541171 23.206651
28.591171 23.261179
28.641171 23.315856
28.691171 23.370681
28.741171 23.425654
28.791171 23.480777
28.841171 23.536050
28.891171 23.591474
28.941171 23.647048
28.991171 23.702773
29.041171 23.758651
29.091171 23.814681
29.141171 23.870864
29.191171 23.927201
29.241171 23.983692
29.291171 24.040338
29.341171 24.097139
29.391171 24.154095
29.441171 24.211208
29.491171 24.268478
29.541171 24.325905
29.591171 24.383490
29.641171 24.441234
29.691171 24.499137
29.741171 24.557200
29.791171 24.615422
29.841171 24.673806
29.891171 24.732351
29.941171 24.791057
29.991171 24.849927
30.041171 24.908959
30.091171 24.968155
30.141171 25.027515
30.191171 25.087041
30.241171 25.146731
30.291171 25.206588
30.341171 25.266611
30.391171 25.326801
30.441171 25.387159
30.491171 25.447686
30.541171 25.508381
30.591171 25.569246
30.641171 25.630281
30.691171 25.691487
30.741171 25.752865
30.791171 25.814414
30.841171 25.876137
30.891171 25.938032
30.941171 26.000101
30.991171 26.062345
31.041171 26.124764
31.091171 26.187358
31.141171 26.250129
31.191171 26.313077
31.241171 26.376203
31.291171 26.439507
31.341171 26.502990
31.391171 26.566653
31.441171 26.630495
31.491171 26.694519
31.541171 26.758724
31.591171 26.823111
31.641171 26.887681
31.691171 26.952435
31.741171 27.017373
31.791171 27.082495
31.841171 27.147803
31.891171 27.213298
31.941171 27.278979
31.991171 27.344847
32.041171 27.410904
32.091171 27.477150
32.141171 27.543585
32.191171 27.610210
32.241171 27.677027
32.291171 27.744035
32.341171 27.811235
32.391171 27.878628
32.441171 27.946215
32.491171 28.013997
32.541171 28.081973
32.591171 28.150146
32.641171 28.218515
32.691171 28.287081
32.741171 28.355845
32.791171 28.424808
32.841171 28.493970
32.891171 28.563333
32.941171 28.632896
32.991171 28.702661
33.041171 28.772628
33.091171 28.842799
33.141171 28.913173
33.191171 28.983752
33.241171 29.054536
33.291171 29.125526
33.341171 29.196723
33.391171 29.268128
33.441171 29.339740
33.491171 29.411562
33.541171 29.483594
33.591171 29.555837
33.641171 29.628291
33.691171 29.700957
33.741171 29.773836
33.791171 29.846929
33.841171 29.920236
33.891171 29.993758
33.941171 30.067497
33.991171 30.141453
34.041171 30.215626
34.091171 30.290018
34.141171 30.364629
34.191171 30.439460
34.241171 30.514512
34.291171 30.589786
34.341171 30.665282
34.391171 30.741002
34.441171 30.816946
34.491171 30.893115
34.541171 30.969509
34.591171 31.046131
34.641171 31.122980
34.691171 31.200057
34.741171 31.277363
34.791171 31.354900
34.841171 31.432667
34.891171 31.510666
34.941171 31.588898
34.991171 31.667363
35.041171 31.746062
35.091171 31.824997
35.141171 31.904167
35.191171 31.983575
35.241171 32.063220
35.291171 32.143104
35.341171 32.223227
35.391171 32.303591
35.441171 32.384197
35.491171 32.465044
35.541171 32.546135
35.591171 32.627470
35.641171 32.709049
35.691171 32.790875
35.741171 32.872947
35.791171 32.955267
35.841171 33.037835
35.891171 33.120653
35.941171 33.203722
35.991171 33.287041
36.041171 33.370613
36.091171 33.454439
36.141171 33.538518
36.191171 33.622853
36.241171 33.707443
36.291171 33.792291
36.341171 33.877397
36.391171 33.962761
36.441171 34.048386
36.491171 34.134271
36.541171 34.220418
36.591171 34.306828
36.641171 34.393502
36.691171 34.480441
36.741171 34.567645
36.791171 34.655116
36.841171 34.742855
36.891171 34.830862
36.941171 34.919140
36.991171 35.007688
37.041171 35.096507
37.091171 35.185600
37.141171 35.274966
37.191171 35.364607
37.241171 35.454524
37.291171 35.544718
37.341171 35.635190
37.391171 35.725941
37.441171 35.816971
37.491171 35.908283
37.541171 35.999877
37.591171 36.091754
37.641171 36.183915
37.691171 36.276361
37.741171 36.369094
37.791171 36.462114
37.841171 36.555422
37.891171 36.649020
37.941171 36.742909
37.991171 36.837089
38.041171 36.931562
38.091171 37.026329
38.141171 37.121392
38.191171 37.216750
38.241171 37.312405
38.291171 37.408359
38.341171 37.504612
38.391171 37.601165
38.441171 37.698021
38.491171 37.795179
38.541171 37.892641
38.591171 37.990408
38.641171 38.088482
38.691171 38.186862
38.741171 38.285552
38.791171 38.384551
38.841171 38.483861
38.891171 38.583482
38.941171 38.683417
38.991171 38.783667
39.041171 38.884232
39.091171 38.985113
39.141171 39.086313
39.191171 39.187832
39.241171 39.289670
39.291171 39.391831
39.341171 39.494314
39.391171 39.597121
39.441171 39.700253
39.491171 39.803712
39.541171 39.907498
39.591171 40.011613
39.641171 40.116058
39.691171 40.220834
39.741171 40.325943
39.791171 40.431385
39.841171 40.537163
39.891171 40.643277
39.941171 40.749728
39.991171 40.856518
40.041171 40.963648
40.091171 41.071120
40.141171 41.178934
40.191171 41.287093
40.241171 41.395596
40.291171 41.504446
40.341171 41.613644
40.391171 41.723191
40.441171 41.833088
40.491171 41.943337
40.541171 42.053939
40.591171 42.164896
40.641171 42.276208
40.691171 42.387877
40.741171 42.499905
40.791171 42.612293
40.841171 42.725041
40.891171 42.838153
40.941171 42.951628
40.991171 43.065468
41.041171 43.179675
41.091171 43.294249
41.141171 43.409193
41.191171 43.524508
41.241171 43.640195
41.291171 43.756255
41.341171 43.872691
41.391171 43.989502
41.441171 44.106692
41.491171 44.224261
41.541171 44.342210
41.591171 44.460541
41.641171 44.579256
41.691171 44.698355
41.741171 44.817841
41.791171 44.937715
41.841171 45.057978
41.891171 45.178631
41.941171 45.299677
41.991171 45.421117
42.041171 45.542952
42.091171 45.665183
42.141171 45.787812
42.191171 45.910841
42.241171 46.034272
42.291171 46.158104
42.341171 46.282341
42.391171 46.406984
42.441171 46.532034
42.491171 46.657492
42.541171 46.783361
42.591171 46.909642
42.641171 47.036336
42.691171 47.163444
42.741171 47.290970
42.791171 47.418913
42.841171 47.547276
42.891171 47.676060
42.941171 47.805267
42.991171 47.934898
43.041171 48.064955
43.091171 48.195439
43.141171 48.326353
43.191171 48.457697
43.241171 48.589474
43.291171 48.721685
43.341171 48.854332
43.391171 48.987415
43.441171 49.120938
43.491171 49.254901
43.541171 49.389306
43.591171 49.524156
43.641171 49.659450
43.691171 49.795192
43.741171 49.931383
43.791171 50.068024
43.841171 50.205118
43.891171 50.342666
43.941171 50.480669
43.991171 50.619129
44.041171 50.758049
44.091171 50.897430
44.141171 51.037273
44.191171 51.177580
44.241171 51.318353
44.291171 51.459594
44.341171 51.601305
44.391171 51.743487
44.441171 51.886142
44.491171 52.029272
44.541171 52.172878
44.591171 52.316963
44.641171 52.461527
44.691171 52.606574
44.741171 52.752105
44.791171 52.898121
44.841171 53.044625
44.891171 53.191618
44.941171 53.339102
44.991171 53.487079
45.041171 53.635550
45.091171 53.784519
45.141171 53.933985
45.191171 54.083952
45.241171 54.234422
45.291171 54.385395
45.341171 54.536874
45.391171 54.688862
45.441171 54.841359
45.491171 54.994367
45.541171 55.147890
45.591171 55.301927
45.641171 55.456483
45.691171 55.611557
45.741171 55.767153
45.791171 55.923272
45.841171 56.079917
45.891171 56.237088
45.941171 56.394789
45.991171 56.553021
46.041171 56.711786
46.091171 56.871086
46.141171 57.030924
46.191171 57.191300
46.241171 57.352218
46.291171 57.513678
46.341171 57.675684
46.391171 57.838237
46.441171 58.001340
46.491171 58.164993
46.541171 58.329200
46.591171 58.493963
46.641171 58.659283
46.691171 58.825162
46.741171 58.991604
46.791171 59.158609
46.841171 59.326180
46.891171 59.494318
46.941171 59.663027
46.991171 59.832309
47.041171 60.002164
47.091171 60.172596
47.141171 60.343607
47.191171 60.515198
47.241171 60.687372
47.291171 60.860132
47.341171 61.033479
47.391171 61.207415
47.441171 61.381943
47.491171 61.557065
47.541171 61.732783
47.591171 61.909099
47.641171 62.086016
47.691171 62.263535
47.741171 62.441660
47.791171 62.620392
47.841171 62.799733
47.891171 62.979686
47.941171 63.160253
47.991171 63.341437
48.041171 63.523239
48.091171 63.705662
48.141171 63.888708
48.191171 64.072380
48.241171 64.256680
48.291171 64.441609
48.341171 64.627172
48.391171 64.813369
48.441171 65.000203
48.491171 65.187677
48.541171 65.375793
48.591171 65.564554
48.641171 65.753961
48.691171 65.944017
48.741171 66.134724
48.791171 66.326086
48.841171 66.518104
48.891171 66.710780
48.941171 66.904118
48.991171 67.098120
49.041171 67.292788
49.091171 67.488124
49.141171 67.684131
49.191171 67.880812
49.241171 68.078169
49.291171 68.276204
49.341171 68.474921
49.391171 68.674321
49.441171 68.874407
49.491171 69.075182
49.541171 69.276647
49.591171 69.478807
49.641171 69.681663
49.691171 69.885217
49.741171 70.089473
49.791171 70.294433
49.841171 70.500100
49.891171 70.706475
49.941171 70.913563
49.991171 71.121365
50.041171 71.329884
50.091171 71.539122
50.141171 71.749084
50.191171 71.959770
50.241171 72.171183
50.291171 72.383327
50.341171 72.596204
50.391171 72.809817
50.441171 73.024168
50.491171 73.239261
50.541171 73.455097
50.591171 73.671680
50.641171 73.889012
50.691171 74.107097
50.741171 74.325936
50.791171 74.545533
50.841171 74.765890
50.891171 74.987010
50.941171 75.208897
50.991171 75.431552
51.041171 75.654979
51.091171 75.879180
51.141171 76.104159
51.191171 76.329918
51.241171 76.556459
51.291171 76.783787
51.341171 77.011903
51.391171 77.240812
51.441171 77.470514
51.491171 77.701014
51.541171 77.932314
51.591171 78.164418
51.641171 78.397328
51.691171 78.631047
51.741171 78.865578
51.791171 79.100924
51.841171 79.337088
51.891171 79.574074
51.941171 79.811883
51.991171 80.050519
52.041171 80.289986
52.091171 80.530285
52.141171 80.771421
52.191171 81.013396
52.241171 81.256213
52.291171 81.499875
52.341171 81.744386
52.391171 81.989748
52.441171 82.235965
52.491171 82.483040
52.541171 82.730975
52.591171 82.979774
52.641171 83.229441
52.691171 83.479977
52.741171 83.731387
52.791171 83.983674
52.841171 84.236840
52.891171 84.490889
52.941171 84.745824
52.991171 85.001649
53.041171 85.258366
53.091171 85.515980
53.141171 85.774492
53.191171 86.033906
53.241171 86.294226
53.291171 86.555455
53.341171 86.817597
53.391171 87.080653
53.441171 87.344629
53.491171 87.609527
53.541171 87.875350
53.591171 88.142102
53.641171 88.409786
53.691171 88.678405
53.741171 88.947964
53.791171 89.218465
53.841171 89.489911
53.891171 89.762307
53.941171 90.035655
53.991171 90.309960
54.041171 90.585223
54.091171 90.861450
54.141171 91.138643
54.191171 91.416806
54.241171 91.695942
54.291171 91.976055
54.341171 92.257149
54.391171 92.539226
54.441171 92.822291
54.491171 93.106347
54.541171 93.391397
54.591171 93.677446
54.641171 93.964496
54.691171 94.252552
54.741171 94.541616
54.791171 94.831693
54.841171 95.122787
54.891171 95.414900
54.941171 95.708037
54.991171 96.002201
55.041171 96.297396
55.091171 96.593625
55.141171 96.890893
55.191171 97.189203
55.241171 97.488558
55.291171 97.788963
55.341171 98.090421
55.391171 98.392937
55.441171 98.696513
55.491171 99.001153
55.541171 99.306862
55.591171 99.613643
55.641171 99.921501
55.691171 100.230438
55.741171 100.540459
55.791171 100.851567
55.841171 101.163767
55.891171 101.477063
55.941171 101.791457
55.991171 102.106955
56.041171 102.423560
56.091171 102.741276
56.141171 103.060108
56.191171 103.380058
56.241171 103.701131
56.291171 104.023331
56.341171 104.346663
56.391171 104.671129
56.441171 104.996734
56.491171 105.323483
56.541171 105.651379
56.591171 105.980426
56.641171 106.310628
56.691171 106.641990
56.741171 106.974515
56.791171 107.308208
56.841171 107.643073
56.891171 107.979114
56.941171 108.316335
56.991171 108.654740
57.041171 108.994334
57.091171 109.335121
57.141171 109.677104
57.191171 110.020289
57.241171 110.364680
57.291171 110.710280
57.341171 111.057094
57.391171 111.405126
57.441171 111.754381
57.491171 112.104862
57.541171 112.456575
57.591171 112.809524
57.641171 113.163712
57.691171 113.519145
57.741171 113.875827
57.791171 114.233761
57.841171 114.592953
57.891171 114.953407
57.941171 115.315128
57.991171 115.678119
58.041171 116.042386
58.091171 116.407932
58.141171 116.774763
58.191171 117.142882
58.241171 117.512295
58.291171 117.883006
58.341171 118.255019
58.391171 118.628339
58.441171 119.002971
58.491171 119.378919
58.541171 119.756188
58.591171 120.134782
58.641171 120.514707
58.691171 120.895966
58.741171 121.278564
58.791171 121.662507
58.841171 122.047798
58.891171 122.434443
58.941171 122.822447
58.991171 123.211813
59.041171 123.602547
59.091171 123.994654
59.141171 124.388138
59.191171 124.783004
59.241171 125.179257
59.291171 125.576902
59.341171 125.975944
59.391171 126.376387
59.441171 126.778237
59.491171 127.181498
59.541171 127.586175
59.591171 127.992273
59.641171 128.399798
59.691171 128.808754
59.741171 129.219145
59.791171 129.630978
59.841171 130.044257
59.891171 130.458987
59.941171 130.875173
59.991171 131.292820
60.041171 131.711933
60.091171 132.132518
60.141171 132.554579
60.191171 132.978122
60.241171 133.403152
60.291171 133.829673
60.341171 134.257691
60.391171 134.687212
60.441171 135.118240
60.491171 135.550780
60.541171 135.984839
60.591171 136.420420
60.641171 136.857530
60.691171 137.296173
60.741171 137.736356
60.791171 138.178082
60.841171 138.621358
60.891171 139.066189
60.941171 139.512581
60.991171 139.960538
61.041171 140.410066
61.091171 140.861170
61.141171 141.313856
61.191171 141.768130
61.241171 142.223996
61.291171 142.681461
61.341171 143.140529
61.391171 143.601207
61.441171 144.063500
61.491171 144.527412
61.541171 144.992951
61.591171 145.460121
61.641171 145.928929
61.691171 146.399379
61.741171 146.871477
61.791171 147.345229
61.841171 147.820641
61.891171 148.297718
61.941171 148.776467
61.991171 149.256892
62.041171 149.738999
62.091171 150.222795
62.141171 150.708285
62.191171 151.195474
62.241171 151.684369
62.291171 152.174976
62.341171 152.667300
62.391171 153.161347
62.441171 153.657123
62.491171 154.154633
62.541171 154.653885
