0 0 6.14538e-54
0 0.5 4.58765e-52
0 1 2.9589e-50
0 1.5 1.64879e-48
0 2 7.93779e-47
0 2.5 3.30164e-45
0 3 1.18647e-43
0 3.5 3.68369e-42
0 4 9.8811e-41
0 4.5 2.28994e-39
0 5 4.58502e-38
0 5.5 7.9315e-37
0 6 1.1854e-35
0 6.5 1.53065e-34
0 7 1.70758e-33
0 7.5 1.64582e-32
0 8 1.37051e-31
0 8.5 9.86007e-31
0 9 6.12878e-30
0 9.5 3.29129e-29
0 10 1.52705e-28
0 10.5 6.12125e-28
0 11 2.11994e-27
0 11.5 6.34313e-27
0 12 1.63976e-26
0 12.5 3.66231e-26
0 13 7.06687e-26
0 13.5 1.17814e-25
0 14 1.69692e-25
0 14.5 2.11167e-25
0 15 2.27032e-25
0 15.5 2.10884e-25
0 16 1.69239e-25
0 16.5 1.17341e-25
0 17 7.02912e-26
0 17.5 3.63787e-26
0 18 1.62664e-26
0 18.5 6.28395e-27
0 19 2.09735e-27
0 19.5 6.04792e-28
0 20 1.50674e-28
0 20.5 3.24316e-29
0 21 6.03108e-30
0 21.5 9.68991e-31
0 22 1.34506e-31
0 22.5 1.61309e-32
0 23 1.67138e-33
0 23.5 1.4962e-34
0 24 1.15717e-35
0 24.5 7.73225e-37
0 25 4.46386e-38
0 25.5 2.22645e-39
0 26 9.59425e-41
0 26.5 3.57197e-42
0 27 1.14895e-43
0 27.5 3.19294e-45
0 28 7.66618e-47
0 28.5 1.59024e-48
0 29 2.85001e-50
0 29.5 4.41291e-52
0 30 5.9034e-54
0 30.5 6.823e-56
0 31 6.81313e-58
0 31.5 5.8778e-60
0 32 4.38107e-62
0 32.5 2.82126e-64
0 33 1.56965e-66
0 33.5 7.545e-69
0 34 3.13338e-71
0 34.5 1.12425e-73
0 35 3.48508e-76

0.5 0 2.6982e-52
0.5 0.5 2.01426e-50
0.5 1 1.29914e-48
0.5 1.5 7.23922e-47
0.5 2 3.48518e-45
0.5 2.5 1.44963e-43
0.5 3 5.20935e-42
0.5 3.5 1.61737e-40
0.5 4 4.33841e-39
0.5 4.5 1.00543e-37
0.5 5 2.01311e-36
0.5 5.5 3.48242e-35
0.5 6 5.20466e-34
0.5 6.5 6.72048e-33
0.5 7 7.49732e-32
0.5 7.5 7.22618e-31
0.5 8 6.01739e-30
0.5 8.5 4.32918e-29
0.5 9 2.69091e-28
0.5 9.5 1.44508e-27
0.5 10 6.70471e-27
0.5 10.5 2.68761e-26
0.5 11 9.30784e-26
0.5 11.5 2.78502e-25
0.5 12 7.19957e-25
0.5 12.5 1.60798e-24
0.5 13 3.10279e-24
0.5 13.5 5.17275e-24
0.5 14 7.45055e-24
0.5 14.5 9.27153e-24
0.5 15 9.9681e-24
0.5 15.5 9.25913e-24
0.5 16 7.43062e-24
0.5 16.5 5.15202e-24
0.5 17 3.08622e-24
0.5 17.5 1.59725e-24
0.5 18 7.14195e-25
0.5 18.5 2.75904e-25
0.5 19 9.20866e-26
0.5 19.5 2.65541e-26
0.5 20 6.61552e-27
0.5 20.5 1.42395e-27
0.5 21 2.64802e-28
0.5 21.5 4.25447e-29
0.5 22 5.90564e-30
0.5 22.5 7.08248e-31
0.5 23 7.33839e-32
0.5 23.5 6.56922e-33
0.5 24 5.08071e-34
0.5 24.5 3.39494e-35
0.5 25 1.95991e-36
0.5 25.5 9.77547e-38
0.5 26 4.21247e-39
0.5 26.5 1.56831e-40
0.5 27 5.04459e-42
0.5 27.5 1.4019e-43
0.5 28 3.36593e-45
0.5 28.5 6.98216e-47
0.5 29 1.25133e-48
0.5 29.5 1.93754e-50
0.5 30 2.59196e-52
0.5 30.5 2.99572e-54
0.5 31 2.99138e-56
0.5 31.5 2.58072e-58
0.5 32 1.92356e-60
0.5 32.5 1.23871e-62
0.5 33 6.89173e-65
0.5 33.5 3.31272e-67
0.5 34 1.37575e-69
0.5 34.5 4.93617e-72
0.5 35 1.53017e-74

1 0 1.03361e-50
1 0.5 7.71609e-49
1 1 4.97664e-47
1 1.5 2.77314e-45
1 2 1.33508e-43
1 2.5 5.55312e-42
1 3 1.99556e-40
1 3.5 6.19569e-39
1 4 1.66193e-37
1 4.5 3.85151e-36
1 5 7.71167e-35
1 5.5 1.33402e-33
1 6 1.99376e-32
1 6.5 2.57443e-31
1 7 2.87202e-30
1 7.5 2.76815e-29
1 8 2.3051e-28
1 8.5 1.65839e-27
1 9 1.03081e-26
1 9.5 5.53569e-26
1 10 2.56839e-25
1 10.5 1.02955e-24
1 11 3.56558e-24
1 11.5 1.06687e-23
1 12 2.75796e-23
1 12.5 6.15973e-23
1 13 1.18859e-22
1 13.5 1.98154e-22
1 14 2.8541e-22
1 14.5 3.55167e-22
1 15 3.8185e-22
1 15.5 3.54692e-22
1 16 2.84647e-22
1 16.5 1.9736e-22
1 17 1.18225e-22
1 17.5 6.11863e-23
1 18 2.73589e-23
1 18.5 1.05691e-23
1 19 3.52758e-24
1 19.5 1.01721e-24
1 20 2.53423e-25
1 20.5 5.45475e-26
1 21 1.01438e-26
1 21.5 1.62977e-27
1 22 2.26229e-28
1 22.5 2.7131e-29
1 23 2.81114e-30
1 23.5 2.51649e-31
1 24 1.94628e-32
1 24.5 1.30051e-33
1 25 7.50788e-35
1 25.5 3.74472e-36
1 26 1.61368e-37
1 26.5 6.00778e-39
1 27 1.93245e-40
1 27.5 5.37029e-42
1 28 1.28939e-43
1 28.5 2.67467e-45
1 29 4.7935e-47
1 29.5 7.42219e-49
1 30 9.92907e-51
1 30.5 1.14758e-52
1 31 1.14592e-54
1 31.5 9.88602e-57
1 32 7.36863e-59
1 32.5 4.74514e-61
1 33 2.64003e-63
1 33.5 1.26901e-65
1 34 5.27011e-68
1 34.5 1.89091e-70
1 35 5.86165e-73

1.5 0 3.45455e-49
1.5 0.5 2.57889e-47
1.5 1 1.66331e-45
1.5 1.5 9.26849e-44
1.5 2 4.46213e-42
1.5 2.5 1.85598e-40
1.5 3 6.66962e-39
1.5 3.5 2.07074e-37
1.5 4 5.55454e-36
1.5 4.5 1.28726e-34
1.5 5 2.57742e-33
1.5 5.5 4.4586e-32
1.5 6 6.66361e-31
1.5 6.5 8.60434e-30
1.5 7 9.59894e-29
1.5 7.5 9.25179e-28
1.5 8 7.70417e-27
1.5 8.5 5.54272e-26
1.5 9 3.44522e-25
1.5 9.5 1.85016e-24
1.5 10 8.58415e-24
1.5 10.5 3.44099e-23
1.5 11 1.1917e-22
1.5 11.5 3.56571e-22
1.5 12 9.21772e-22
1.5 12.5 2.05872e-21
1.5 13 3.97256e-21
1.5 13.5 6.62276e-21
1.5 14 9.53906e-21
1.5 14.5 1.18705e-20
1.5 15 1.27623e-20
1.5 15.5 1.18546e-20
1.5 16 9.51354e-21
1.5 16.5 6.59621e-21
1.5 17 3.95134e-21
1.5 17.5 2.04499e-21
1.5 18 9.14396e-22
1.5 18.5 3.53244e-22
1.5 19 1.179e-22
1.5 19.5 3.39977e-23
1.5 20 8.46996e-24
1.5 20.5 1.8231e-24
1.5 21 3.3903e-25
1.5 21.5 5.44706e-26
1.5 22 7.56108e-27
1.5 22.5 9.06781e-28
1.5 23 9.39546e-29
1.5 23.5 8.41068e-30
1.5 24 6.50491e-31
1.5 24.5 4.34659e-32
1.5 25 2.5093e-33
1.5 25.5 1.25157e-34
1.5 26 5.39329e-36
1.5 26.5 2.00794e-37
1.5 27 6.45868e-39
1.5 27.5 1.79487e-40
1.5 28 4.30945e-42
1.5 28.5 8.93937e-44
1.5 29 1.6021e-45
1.5 29.5 2.48067e-47
1.5 30 3.31852e-49
1.5 30.5 3.83547e-51
1.5 31 3.82992e-53
1.5 31.5 3.30413e-55
1.5 32 2.46277e-57
1.5 32.5 1.58594e-59
1.5 33 8.82359e-62
1.5 33.5 4.24133e-64
1.5 34 1.76139e-66
1.5 34.5 6.31986e-69
1.5 35 1.9591e-71

2 0 1.00736e-47
2 0.5 7.52013e-46
2 1 4.85025e-44
2 1.5 2.70272e-42
2 2 1.30117e-40
2 2.5 5.41209e-39
2 3 1.94488e-37
2 3.5 6.03834e-36
2 4 1.61972e-34
2 4.5 3.7537e-33
2 5 7.51582e-32
2 5.5 1.30014e-30
2 6 1.94313e-29
2 6.5 2.50905e-28
2 7 2.79908e-27
2 7.5 2.69785e-26
2 8 2.24656e-25
2 8.5 1.61627e-24
2 9 1.00464e-23
2 9.5 5.39511e-23
2 10 2.50316e-22
2 10.5 1.0034e-21
2 11 3.47502e-21
2 11.5 1.03977e-20
2 12 2.68791e-20
2 12.5 6.0033e-20
2 13 1.15841e-19
2 13.5 1.93122e-19
2 14 2.78162e-19
2 14.5 3.46147e-19
2 15 3.72153e-19
2 15.5 3.45684e-19
2 16 2.77418e-19
2 16.5 1.92347e-19
2 17 1.15222e-19
2 17.5 5.96324e-20
2 18 2.6664e-20
2 18.5 1.03007e-20
2 19 3.43799e-21
2 19.5 9.91381e-22
2 20 2.46987e-22
2 20.5 5.31622e-23
2 21 9.88621e-24
2 21.5 1.58838e-24
2 22 2.20483e-25
2 22.5 2.6442e-26
2 23 2.73974e-27
2 23.5 2.45258e-28
2 24 1.89685e-29
2 24.5 1.26748e-30
2 25 7.3172e-32
2 25.5 3.64961e-33
2 26 1.5727e-34
2 26.5 5.8552e-36
2 27 1.88337e-37
2 27.5 5.2339e-39
2 28 1.25665e-40
2 28.5 2.60674e-42
2 29 4.67176e-44
2 29.5 7.23369e-46
2 30 9.67691e-48
2 30.5 1.11843e-49
2 31 1.11681e-51
2 31.5 9.63495e-54
2 32 7.18149e-56
2 32.5 4.62463e-58
2 33 2.57298e-60
2 33.5 1.23678e-62
2 34 5.13627e-65
2 34.5 1.84289e-67
2 35 5.71278e-70

2.5 0 2.56289e-46
2.5 0.5 1.91325e-44
2.5 1 1.23399e-42
2.5 1.5 6.87619e-41
2.5 2 3.3104e-39
2.5 2.5 1.37693e-37
2.5 3 4.94811e-36
2.5 3.5 1.53626e-34
2.5 4 4.12085e-33
2.5 4.5 9.55007e-32
2.5 5 1.91216e-30
2.5 5.5 3.30778e-29
2.5 6 4.94365e-28
2.5 6.5 6.38346e-27
2.5 7 7.12134e-26
2.5 7.5 6.8638e-25
2.5 8 5.71563e-24
2.5 8.5 4.11208e-23
2.5 9 2.55597e-22
2.5 9.5 1.37261e-21
2.5 10 6.36848e-21
2.5 10.5 2.55283e-20
2.5 11 8.84107e-20
2.5 11.5 2.64536e-19
2.5 12 6.83852e-19
2.5 12.5 1.52734e-18
2.5 13 2.94719e-18
2.5 13.5 4.91335e-18
2.5 14 7.07692e-18
2.5 14.5 8.80658e-18
2.5 15 9.46822e-18
2.5 15.5 8.7948e-18
2.5 16 7.05799e-18
2.5 16.5 4.89365e-18
2.5 17 2.93145e-18
2.5 17.5 1.51715e-18
2.5 18 6.7838e-19
2.5 18.5 2.62068e-19
2.5 19 8.74686e-20
2.5 19.5 2.52225e-20
2.5 20 6.28377e-21
2.5 20.5 1.35254e-21
2.5 21 2.51523e-22
2.5 21.5 4.04111e-23
2.5 22 5.60948e-24
2.5 22.5 6.72731e-25
2.5 23 6.97039e-26
2.5 23.5 6.23979e-27
2.5 24 4.82592e-28
2.5 24.5 3.22469e-29
2.5 25 1.86162e-30
2.5 25.5 9.28525e-32
2.5 26 4.00122e-33
2.5 26.5 1.48967e-34
2.5 27 4.79162e-36
2.5 27.5 1.3316e-37
2.5 28 3.19713e-39
2.5 28.5 6.63202e-41
2.5 29 1.18858e-42
2.5 29.5 1.84038e-44
2.5 30 2.46197e-46
2.5 30.5 2.84549e-48
2.5 31 2.84137e-50
2.5 31.5 2.4513e-52
2.5 32 1.8271e-54
2.5 32.5 1.17659e-56
2.5 33 6.54612e-59
2.5 33.5 3.1466e-61
2.5 34 1.30676e-63
2.5 34.5 4.68863e-66
2.5 35 1.45343e-68

3 0 5.68896e-45
3 0.5 4.24692e-43
3 1 2.73914e-41
3 1.5 1.52634e-39
3 2 7.34824e-38
3 2.5 3.05643e-36
3 3 1.09835e-34
3 3.5 3.4101e-33
3 4 9.14722e-32
3 4.5 2.11987e-30
3 5 4.24449e-29
3 5.5 7.34242e-28
3 6 1.09736e-26
3 6.5 1.41696e-25
3 7 1.58075e-24
3 7.5 1.52359e-23
3 8 1.26872e-22
3 8.5 9.12775e-22
3 9 5.67359e-21
3 9.5 3.04684e-20
3 10 1.41364e-19
3 10.5 5.66662e-19
3 11 1.96249e-18
3 11.5 5.87202e-18
3 12 1.51798e-17
3 12.5 3.39031e-17
3 13 6.54201e-17
3 13.5 1.09064e-16
3 14 1.57089e-16
3 14.5 1.95483e-16
3 15 2.1017e-16
3 15.5 1.95222e-16
3 16 1.56669e-16
3 16.5 1.08626e-16
3 17 6.50706e-17
3 17.5 3.36769e-17
3 18 1.50583e-17
3 18.5 5.81723e-18
3 19 1.94158e-18
3 19.5 5.59874e-19
3 20 1.39483e-19
3 20.5 3.00229e-20
3 21 5.58315e-21
3 21.5 8.97023e-22
3 22 1.24516e-22
3 22.5 1.49329e-23
3 23 1.54725e-24
3 23.5 1.38507e-25
3 24 1.07123e-26
3 24.5 7.15797e-28
3 25 4.13232e-29
3 25.5 2.06109e-30
3 26 8.88168e-32
3 26.5 3.30667e-33
3 27 1.06362e-34
3 27.5 2.9558e-36
3 28 7.09681e-38
3 28.5 1.47214e-39
3 29 2.63834e-41
3 29.5 4.08516e-43
3 30 5.46495e-45
3 30.5 6.31626e-47
3 31 6.30711e-49
3 31.5 5.44125e-51
3 32 4.05568e-53
3 32.5 2.61172e-55
3 33 1.45307e-57
3 33.5 6.98463e-60
3 34 2.90066e-62
3 34.5 1.04076e-64
3 35 3.22624e-67

3.5 0 1.10177e-43
3.5 0.5 8.22493e-42
3.5 1 5.30483e-40
3.5 1.5 2.95602e-38
3.5 2 1.42312e-36
3.5 2.5 5.91932e-35
3.5 3 2.12716e-33
3.5 3.5 6.60427e-32
3.5 4 1.77152e-30
3.5 4.5 4.1055e-29
3.5 5 8.22022e-28
3.5 5.5 1.42199e-26
3.5 6 2.12524e-25
3.5 6.5 2.7442e-24
3.5 7 3.06141e-23
3.5 7.5 2.9507e-22
3.5 8 2.45711e-21
3.5 8.5 1.76775e-20
3.5 9 1.09879e-19
3.5 9.5 5.90075e-19
3.5 10 2.73776e-18
3.5 10.5 1.09744e-17
3.5 11 3.80071e-17
3.5 11.5 1.13722e-16
3.5 12 2.93983e-16
3.5 12.5 6.56594e-16
3.5 13 1.26698e-15
3.5 13.5 2.11221e-15
3.5 14 3.04231e-15
3.5 14.5 3.78589e-15
3.5 15 4.07032e-15
3.5 15.5 3.78082e-15
3.5 16 3.03418e-15
3.5 16.5 2.10375e-15
3.5 17 1.26021e-15
3.5 17.5 6.52213e-16
3.5 18 2.91631e-16
3.5 18.5 1.12661e-16
3.5 19 3.76021e-17
3.5 19.5 1.0843e-17
3.5 20 2.70135e-18
3.5 20.5 5.81447e-19
3.5 21 1.08128e-19
3.5 21.5 1.73725e-20
3.5 22 2.41147e-21
3.5 22.5 2.89202e-22
3.5 23 2.99652e-23
3.5 23.5 2.68244e-24
3.5 24 2.07463e-25
3.5 24.5 1.38627e-26
3.5 25 8.00299e-28
3.5 25.5 3.99166e-29
3.5 26 1.7201e-30
3.5 26.5 6.40397e-32
3.5 27 2.05988e-33
3.5 27.5 5.72444e-35
3.5 28 1.37442e-36
3.5 28.5 2.85105e-38
3.5 29 5.10961e-40
3.5 29.5 7.91165e-42
3.5 30 1.05838e-43
3.5 30.5 1.22326e-45
3.5 31 1.22149e-47
3.5 31.5 1.0538e-49
3.5 32 7.85456e-52
3.5 32.5 5.05806e-54
3.5 33 2.81413e-56
3.5 33.5 1.3527e-58
3.5 34 5.61765e-61
3.5 34.5 2.01561e-63
3.5 35 6.2482e-66

4 0 1.86167e-42
4 0.5 1.38978e-40
4 1 8.96364e-39
4 1.5 4.99483e-37
4 2 2.40466e-35
4 2.5 1.0002e-33
4 3 3.59429e-32
4 3.5 1.11593e-30
4 4 2.99337e-29
4 4.5 6.93713e-28
4 5 1.38898e-26
4 5.5 2.40276e-25
4 6 3.59105e-24
4 6.5 4.63692e-23
4 7 5.17291e-22
4 7.5 4.98583e-21
4 8 4.15181e-20
4 8.5 2.987e-19
4 9 1.85664e-18
4 9.5 9.97058e-18
4 10 4.62603e-17
4 10.5 1.85436e-16
4 11 6.42211e-16
4 11.5 1.92158e-15
4 12 4.96747e-15
4 12.5 1.10946e-14
4 13 2.14083e-14
4 13.5 3.56904e-14
4 14 5.14064e-14
4 14.5 6.39706e-14
4 15 6.87767e-14
4 15.5 6.3885e-14
4 16 5.12689e-14
4 16.5 3.55473e-14
4 17 2.12939e-14
4 17.5 1.10205e-14
4 18 4.92772e-15
4 18.5 1.90365e-15
4 19 6.35368e-16
4 19.5 1.83215e-16
4 20 4.5645e-17
4 20.5 9.82479e-18
4 21 1.82705e-18
4 21.5 2.93545e-19
4 22 4.0747e-20
4 22.5 4.88668e-21
4 23 5.06326e-22
4 23.5 4.53255e-23
4 24 3.50553e-24
4 24.5 2.3424e-25
4 25 1.35228e-26
4 25.5 6.74477e-28
4 26 2.90647e-29
4 26.5 1.08209e-30
4 27 3.48061e-32
4 27.5 9.67266e-34
4 28 2.32238e-35
4 28.5 4.81747e-37
4 29 8.63378e-39
4 29.5 1.33684e-40
4 30 1.78837e-42
4 30.5 2.06695e-44
4 31 2.06396e-46
4 31.5 1.78061e-48
4 32 1.3272e-50
4 32.5 8.54668e-53
4 33 4.75507e-55
4 33.5 2.28567e-57
4 34 9.49223e-60
4 34.5 3.4058e-62
4 35 1.05577e-64

4.5 0 2.74455e-41
4.5 0.5 2.04887e-39
4.5 1 1.32146e-37
4.5 1.5 7.36358e-36
4.5 2 3.54505e-34
4.5 2.5 1.47453e-32
4.5 3 5.29884e-31
4.5 3.5 1.64515e-29
4.5 4 4.41294e-28
4.5 4.5 1.0227e-26
4.5 5 2.04769e-25
4.5 5.5 3.54224e-24
4.5 6 5.29407e-23
4.5 6.5 6.83593e-22
4.5 7 7.62611e-21
4.5 7.5 7.35032e-20
4.5 8 6.12077e-19
4.5 8.5 4.40355e-18
4.5 9 2.73714e-17
4.5 9.5 1.4699e-16
4.5 10 6.81989e-16
4.5 10.5 2.73378e-15
4.5 11 9.46774e-15
4.5 11.5 2.83287e-14
4.5 12 7.32325e-14
4.5 12.5 1.63561e-13
4.5 13 3.1561e-13
4.5 13.5 5.26162e-13
4.5 14 7.57854e-13
4.5 14.5 9.43081e-13
4.5 15 1.01393e-12
4.5 15.5 9.41819e-13
4.5 16 7.55827e-13
4.5 16.5 5.24052e-13
4.5 17 3.13924e-13
4.5 17.5 1.62469e-13
4.5 18 7.26465e-14
4.5 18.5 2.80644e-14
4.5 19 9.36685e-15
4.5 19.5 2.70103e-15
4.5 20 6.72917e-16
4.5 20.5 1.44841e-16
4.5 21 2.69351e-17
4.5 21.5 4.32756e-18
4.5 22 6.00709e-19
4.5 22.5 7.20415e-20
4.5 23 7.46446e-21
4.5 23.5 6.68208e-22
4.5 24 5.16799e-23
4.5 24.5 3.45326e-24
4.5 25 1.99358e-25
4.5 25.5 9.94341e-27
4.5 26 4.28484e-28
4.5 26.5 1.59526e-29
4.5 27 5.13126e-31
4.5 27.5 1.42598e-32
4.5 28 3.42375e-34
4.5 28.5 7.1021e-36
4.5 29 1.27283e-37
4.5 29.5 1.97083e-39
4.5 30 2.63648e-41
4.5 30.5 3.04718e-43
4.5 31 3.04277e-45
4.5 31.5 2.62505e-47
4.5 32 1.95661e-49
4.5 32.5 1.25999e-51
4.5 33 7.01012e-54
4.5 33.5 3.36963e-56
4.5 34 1.39938e-58
4.5 34.5 5.02097e-61
4.5 35 1.55645e-63

5 0 3.53017e-40
5 0.5 2.63534e-38
5 1 1.69972e-36
5 1.5 9.47137e-35
5 2 4.5598e-33
5 2.5 1.89661e-31
5 3 6.81561e-30
5 3.5 2.11607e-28
5 4 5.67613e-27
5 4.5 1.31544e-25
5 5 2.63383e-24
5 5.5 4.55619e-23
5 6 6.80947e-22
5 6.5 8.79269e-21
5 7 9.80905e-20
5 7.5 9.45431e-19
5 8 7.87281e-18
5 8.5 5.66404e-17
5 9 3.52063e-16
5 9.5 1.89066e-15
5 10 8.77205e-15
5 10.5 3.51631e-14
5 11 1.21778e-13
5 11.5 3.64376e-13
5 12 9.41949e-13
5 12.5 2.10379e-12
5 13 4.05951e-12
5 13.5 6.76773e-12
5 14 9.74786e-12
5 14.5 1.21303e-11
5 15 1.30417e-11
5 15.5 1.21141e-11
5 16 9.72179e-12
5 16.5 6.7406e-12
5 17 4.03783e-12
5 17.5 2.08975e-12
5 18 9.34412e-13
5 18.5 3.60977e-13
5 19 1.20481e-13
5 19.5 3.47418e-14
5 20 8.65537e-15
5 20.5 1.86301e-15
5 21 3.46451e-16
5 21.5 5.5663e-17
5 22 7.72659e-18
5 22.5 9.2663e-19
5 23 9.60113e-20
5 23.5 8.59479e-21
5 24 6.6473e-22
5 24.5 4.44174e-23
5 25 2.56423e-24
5 25.5 1.27897e-25
5 26 5.51135e-27
5 26.5 2.05189e-28
5 27 6.60005e-30
5 27.5 1.83416e-31
5 28 4.40378e-33
5 28.5 9.13505e-35
5 29 1.63717e-36
5 29.5 2.53497e-38
5 30 3.39116e-40
5 30.5 3.91943e-42
5 31 3.91375e-44
5 31.5 3.37646e-46
5 32 2.51667e-48
5 32.5 1.62065e-50
5 33 9.01673e-53
5 33.5 4.33417e-55
5 34 1.79995e-57
5 34.5 6.4582e-60
5 35 2.00198e-62

5.5 0 3.96164e-39
5.5 0.5 2.95744e-37
5.5 1 1.90746e-35
5.5 1.5 1.0629e-33
5.5 2 5.11712e-32
5.5 2.5 2.12841e-30
5.5 3 7.64863e-29
5.5 3.5 2.3747e-27
5.5 4 6.36988e-26
5.5 4.5 1.47622e-24
5.5 5 2.95575e-23
5.5 5.5 5.11306e-22
5.5 6 7.64174e-21
5.5 6.5 9.86735e-20
5.5 7 1.10079e-18
5.5 7.5 1.06098e-17
5.5 8 8.83504e-17
5.5 8.5 6.35632e-16
5.5 9 3.95094e-15
5.5 9.5 2.12174e-14
5.5 10 9.84419e-14
5.5 10.5 3.94608e-13
5.5 11 1.36662e-12
5.5 11.5 4.08911e-12
5.5 12 1.05708e-11
5.5 12.5 2.36092e-11
5.5 13 4.55568e-11
5.5 13.5 7.5949e-11
5.5 14 1.09393e-10
5.5 14.5 1.36129e-10
5.5 15 1.46357e-10
5.5 15.5 1.35947e-10
5.5 16 1.091e-10
5.5 16.5 7.56445e-11
5.5 17 4.53134e-11
5.5 17.5 2.34517e-11
5.5 18 1.04862e-11
5.5 18.5 4.05096e-12
5.5 19 1.35206e-12
5.5 19.5 3.89881e-13
5.5 20 9.71325e-14
5.5 20.5 2.09071e-14
5.5 21 3.88796e-15
5.5 21.5 6.24663e-16
5.5 22 8.67095e-17
5.5 22.5 1.03989e-17
5.5 23 1.07746e-18
5.5 23.5 9.64526e-20
5.5 24 7.45975e-21
5.5 24.5 4.98462e-22
5.5 25 2.87764e-23
5.5 25.5 1.43528e-24
5.5 26 6.18496e-26
5.5 26.5 2.30268e-27
5.5 27 7.40673e-29
5.5 27.5 2.05834e-30
5.5 28 4.94202e-32
5.5 28.5 1.02516e-33
5.5 29 1.83727e-35
5.5 29.5 2.8448e-37
5.5 30 3.80564e-39
5.5 30.5 4.39847e-41
5.5 31 4.3921e-43
5.5 31.5 3.78914e-45
5.5 32 2.82427e-47
5.5 32.5 1.81873e-49
5.5 33 1.01188e-51
5.5 33.5 4.86391e-54
5.5 34 2.01994e-56
5.5 34.5 7.24754e-59
5.5 35 2.24667e-61

6 0 3.8789e-38
6 0.5 2.89568e-36
6 1 1.86763e-34
6 1.5 1.0407e-32
6 2 5.01025e-31
6 2.5 2.08396e-29
6 3 7.4889e-28
6 3.5 2.32511e-26
6 4 6.23686e-25
6 4.5 1.44539e-23
6 5 2.89402e-22
6 5.5 5.00629e-21
6 6 7.48216e-20
6 6.5 9.66129e-19
6 7 1.07781e-17
6 7.5 1.03883e-16
6 8 8.65054e-16
6 8.5 6.22358e-15
6 9 3.86843e-14
6 9.5 2.07743e-13
6 10 9.63861e-13
6 10.5 3.86367e-12
6 11 1.33808e-11
6 11.5 4.00372e-11
6 12 1.035e-10
6 12.5 2.31162e-10
6 13 4.46054e-10
6 13.5 7.43629e-10
6 14 1.07108e-09
6 14.5 1.33287e-09
6 15 1.433e-09
6 15.5 1.33108e-09
6 16 1.06822e-09
6 16.5 7.40648e-10
6 17 4.43671e-10
6 17.5 2.29619e-10
6 18 1.02672e-10
6 18.5 3.96637e-11
6 19 1.32383e-11
6 19.5 3.81739e-12
6 20 9.5104e-13
6 20.5 2.04705e-13
6 21 3.80676e-14
6 21.5 6.11617e-15
6 22 8.48987e-16
6 22.5 1.01817e-16
6 23 1.05496e-17
6 23.5 9.44384e-19
6 24 7.30397e-20
6 24.5 4.88052e-21
6 25 2.81754e-22
6 25.5 1.40531e-23
6 26 6.0558e-25
6 26.5 2.25459e-26
6 27 7.25205e-28
6 27.5 2.01535e-29
6 28 4.83882e-31
6 28.5 1.00375e-32
6 29 1.7989e-34
6 29.5 2.78539e-36
6 30 3.72617e-38
6 30.5 4.30661e-40
6 31 4.30038e-42
6 31.5 3.71001e-44
6 32 2.76529e-46
6 32.5 1.78075e-48
6 33 9.90747e-51
6 33.5 4.76233e-53
6 34 1.97776e-55
6 34.5 7.09619e-58
6 35 2.19975e-60

6.5 0 3.31359e-37
6.5 0.5 2.47366e-35
6.5 1 1.59544e-33
6.5 1.5 8.89029e-32
6.5 2 4.28006e-30
6.5 2.5 1.78025e-28
6.5 3 6.39747e-27
6.5 3.5 1.98625e-25
6.5 4 5.32789e-24
6.5 4.5 1.23474e-22
6.5 5 2.47225e-21
6.5 5.5 4.27667e-20
6.5 6 6.3917e-19
6.5 6.5 8.25325e-18
6.5 7 9.20726e-17
6.5 7.5 8.87428e-16
6.5 8 7.3898e-15
6.5 8.5 5.31655e-14
6.5 9 3.30464e-13
6.5 9.5 1.77466e-12
6.5 10 8.23387e-12
6.5 10.5 3.30058e-11
6.5 11 1.14307e-10
6.5 11.5 3.42021e-10
6.5 12 8.8416e-10
6.5 12.5 1.97472e-09
6.5 13 3.81046e-09
6.5 13.5 6.35252e-09
6.5 14 9.14982e-09
6.5 14.5 1.13861e-08
6.5 15 1.22416e-08
6.5 15.5 1.13709e-08
6.5 16 9.12535e-09
6.5 16.5 6.32705e-09
6.5 17 3.7901e-09
6.5 17.5 1.96154e-09
6.5 18 8.77084e-10
6.5 18.5 3.3883e-10
6.5 19 1.13089e-10
6.5 19.5 3.26104e-11
6.5 20 8.12435e-12
6.5 20.5 1.74871e-12
6.5 21 3.25196e-13
6.5 21.5 5.2248e-14
6.5 22 7.25255e-15
6.5 22.5 8.6978e-16
6.5 23 9.01209e-17
6.5 23.5 8.06749e-18
6.5 24 6.23948e-19
6.5 24.5 4.16923e-20
6.5 25 2.40691e-21
6.5 25.5 1.2005e-22
6.5 26 5.17322e-24
6.5 26.5 1.926e-25
6.5 27 6.19513e-27
6.5 27.5 1.72164e-28
6.5 28 4.13361e-30
6.5 28.5 8.5746e-32
6.5 29 1.53672e-33
6.5 29.5 2.37944e-35
6.5 30 3.18311e-37
6.5 30.5 3.67897e-39
6.5 31 3.67364e-41
6.5 31.5 3.16931e-43
6.5 32 2.36227e-45
6.5 32.5 1.52122e-47
6.5 33 8.46355e-50
6.5 33.5 4.06827e-52
6.5 34 1.68952e-54
6.5 34.5 6.06198e-57
6.5 35 1.87916e-59

7 0 2.4697e-36
7 0.5 1.84368e-34
7 1 1.18912e-32
7 1.5 6.62615e-31
7 2 3.19003e-29
7 2.5 1.32686e-27
7 3 4.76819e-26
7 3.5 1.4804e-24
7 4 3.97101e-23
7 4.5 9.2028e-22
7 5 1.84262e-20
7 5.5 3.1875e-19
7 6 4.76389e-18
7 6.5 6.15134e-17
7 7 6.86239e-16
7 7.5 6.61421e-15
7 8 5.5078e-14
7 8.5 3.96255e-13
7 9 2.46303e-12
7 9.5 1.3227e-11
7 10 6.1369e-11
7 10.5 2.46e-10
7 11 8.51958e-10
7 11.5 2.54917e-09
7 12 6.58985e-09
7 12.5 1.47181e-08
7 13 2.84003e-08
7 13.5 4.73469e-08
7 14 6.81958e-08
7 14.5 8.48635e-08
7 15 9.12392e-08
7 15.5 8.475e-08
7 16 6.80134e-08
7 16.5 4.71571e-08
7 17 2.82485e-08
7 17.5 1.46198e-08
7 18 6.53712e-09
7 18.5 2.52538e-09
7 19 8.4288e-10
7 19.5 2.43053e-10
7 20 6.05527e-11
7 20.5 1.30336e-11
7 21 2.42376e-12
7 21.5 3.89417e-13
7 22 5.4055e-14
7 22.5 6.48268e-15
7 23 6.71692e-16
7 23.5 6.01289e-17
7 24 4.65044e-18
7 24.5 3.10743e-19
7 25 1.79393e-20
7 25.5 8.94761e-22
7 26 3.85573e-23
7 26.5 1.4355e-24
7 27 4.61738e-26
7 27.5 1.28318e-27
7 28 3.08087e-29
7 28.5 6.39086e-31
7 29 1.14536e-32
7 29.5 1.77346e-34
7 30 2.37245e-36
7 30.5 2.74202e-38
7 31 2.73805e-40
7 31.5 2.36216e-42
7 32 1.76066e-44
7 32.5 1.1338e-46
7 33 6.30808e-49
7 33.5 3.03218e-51
7 34 1.25924e-53
7 34.5 4.51814e-56
7 35 1.40058e-58

7.5 0 1.60599e-35
7.5 0.5 1.19891e-33
7.5 1 7.73259e-32
7.5 1.5 4.30885e-30
7.5 2 2.07441e-28
7.5 2.5 8.62831e-27
7.5 3 3.10066e-25
7.5 3.5 9.62673e-24
7.5 4 2.58227e-22
7.5 4.5 5.9844e-21
7.5 5 1.19822e-19
7.5 5.5 2.07277e-18
7.5 6 3.09786e-17
7.5 6.5 4.00009e-16
7.5 7 4.46247e-15
7.5 7.5 4.30109e-14
7.5 8 3.58161e-13
7.5 8.5 2.57677e-12
7.5 9 1.60166e-11
7.5 9.5 8.60124e-11
7.5 10 3.99071e-10
7.5 10.5 1.59969e-09
7.5 11 5.54011e-09
7.5 11.5 1.65767e-08
7.5 12 4.28525e-08
7.5 12.5 9.57086e-08
7.5 13 1.84681e-07
7.5 13.5 3.07887e-07
7.5 14 4.43464e-07
7.5 14.5 5.51851e-07
7.5 15 5.93311e-07
7.5 15.5 5.51112e-07
7.5 16 4.42278e-07
7.5 16.5 3.06653e-07
7.5 17 1.83695e-07
7.5 17.5 9.50699e-08
7.5 18 4.25096e-08
7.5 18.5 1.64221e-08
7.5 19 5.48108e-09
7.5 19.5 1.58053e-09
7.5 20 3.93762e-10
7.5 20.5 8.47547e-11
7.5 21 1.57613e-11
7.5 21.5 2.5323e-12
7.5 22 3.51509e-13
7.5 22.5 4.21556e-14
7.5 23 4.36788e-15
7.5 23.5 3.91006e-16
7.5 24 3.02409e-17
7.5 24.5 2.0207e-18
7.5 25 1.16656e-19
7.5 25.5 5.81846e-21
7.5 26 2.5073e-22
7.5 26.5 9.33475e-24
7.5 27 3.00259e-25
7.5 27.5 8.34424e-27
7.5 28 2.00343e-28
7.5 28.5 4.15585e-30
7.5 29 7.44803e-32
7.5 29.5 1.15324e-33
7.5 30 1.54276e-35
7.5 30.5 1.78308e-37
7.5 31 1.7805e-39
7.5 31.5 1.53607e-41
7.5 32 1.14492e-43
7.5 32.5 7.3729e-46
7.5 33 4.10202e-48
7.5 33.5 1.97176e-50
7.5 34 8.18859e-53
7.5 34.5 2.93806e-55
7.5 35 9.1077e-58

8 0 9.11171e-35
8 0.5 6.80208e-33
8 1 4.38713e-31
8 1.5 2.44465e-29
8 2 1.17693e-27
8 2.5 4.89532e-26
8 3 1.75918e-24
8 3.5 5.46178e-23
8 4 1.46506e-21
8 4.5 3.39528e-20
8 5 6.79818e-19
8 5.5 1.176e-17
8 6 1.75759e-16
8 6.5 2.26948e-15
8 7 2.53181e-14
8 7.5 2.44025e-13
8 8 2.03205e-12
8 8.5 1.46195e-11
8 9 9.0871e-11
8 9.5 4.87997e-10
8 10 2.26415e-09
8 10.5 9.07593e-09
8 11 3.14322e-08
8 11.5 9.40491e-08
8 12 2.43126e-07
8 12.5 5.43009e-07
8 13 1.0478e-06
8 13.5 1.74682e-06
8 14 2.51602e-06
8 14.5 3.13096e-06
8 15 3.36618e-06
8 15.5 3.12677e-06
8 16 2.50929e-06
8 16.5 1.73981e-06
8 17 1.0422e-06
8 17.5 5.39385e-07
8 18 2.41181e-07
8 18.5 9.31716e-08
8 19 3.10972e-08
8 19.5 8.96721e-09
8 20 2.23403e-09
8 20.5 4.80861e-10
8 21 8.94225e-11
8 21.5 1.43672e-11
8 22 1.99431e-12
8 22.5 2.39172e-13
8 23 2.47814e-14
8 23.5 2.2184e-15
8 24 1.71573e-16
8 24.5 1.14646e-17
8 25 6.61853e-19
8 25.5 3.30114e-20
8 26 1.42253e-21
8 26.5 5.29613e-23
8 27 1.70354e-24
8 27.5 4.73416e-26
8 28 1.13666e-27
8 28.5 2.35784e-29
8 29 4.22569e-31
8 29.5 6.543e-33
8 30 8.75293e-35
8 30.5 1.01164e-36
8 31 1.01018e-38
8 31.5 8.71497e-41
8 32 6.49578e-43
8 32.5 4.18306e-45
8 33 2.32731e-47
8 33.5 1.11869e-49
8 34 4.64584e-52
8 34.5 1.66692e-54
8 35 5.16731e-57

8.5 0 4.51036e-34
8.5 0.5 3.36708e-32
8.5 1 2.17166e-30
8.5 1.5 1.21012e-28
8.5 2 5.82588e-27
8.5 2.5 2.42322e-25
8.5 3 8.70804e-24
8.5 3.5 2.70362e-22
8.5 4 7.25217e-21
8.5 4.5 1.68069e-19
8.5 5 3.36515e-18
8.5 5.5 5.82127e-17
8.5 6 8.70019e-16
8.5 6.5 1.12341e-14
8.5 7 1.25326e-13
8.5 7.5 1.20794e-12
8.5 8 1.00588e-11
8.5 8.5 7.23673e-11
8.5 9 4.49818e-10
8.5 9.5 2.41562e-09
8.5 10 1.12077e-08
8.5 10.5 4.49265e-08
8.5 11 1.55591e-07
8.5 11.5 4.65549e-07
8.5 12 1.20349e-06
8.5 12.5 2.68793e-06
8.5 13 5.18668e-06
8.5 13.5 8.64687e-06
8.5 14 1.24545e-05
8.5 14.5 1.54985e-05
8.5 15 1.66628e-05
8.5 15.5 1.54777e-05
8.5 16 1.24211e-05
8.5 16.5 8.6122e-06
8.5 17 5.15898e-06
8.5 17.5 2.66999e-06
8.5 18 1.19386e-06
8.5 18.5 4.61206e-07
8.5 19 1.53933e-07
8.5 19.5 4.43883e-08
8.5 20 1.10586e-08
8.5 20.5 2.3803e-09
8.5 21 4.42647e-10
8.5 21.5 7.11184e-11
8.5 22 9.87196e-12
8.5 22.5 1.18392e-12
8.5 23 1.2267e-13
8.5 23.5 1.09812e-14
8.5 24 8.493e-16
8.5 24.5 5.67503e-17
8.5 25 3.27622e-18
8.5 25.5 1.63408e-19
8.5 26 7.04164e-21
8.5 26.5 2.62162e-22
8.5 27 8.43263e-24
8.5 27.5 2.34344e-25
8.5 28 5.62654e-27
8.5 28.5 1.16715e-28
8.5 29 2.09174e-30
8.5 29.5 3.23883e-32
8.5 30 4.33276e-34
8.5 30.5 5.0077e-36
8.5 31 5.00045e-38
8.5 31.5 4.31397e-40
8.5 32 3.21546e-42
8.5 32.5 2.07064e-44
8.5 33 1.15203e-46
8.5 33.5 5.5376e-49
8.5 34 2.29972e-51
8.5 34.5 8.25139e-54
8.5 35 2.55785e-56

9 0 1.94795e-33
9 0.5 1.45418e-31
9 1 9.37904e-30
9 1.5 5.22631e-28
9 2 2.5161e-26
9 2.5 1.04655e-24
9 3 3.76086e-23
9 3.5 1.16765e-21
9 4 3.13209e-20
9 4.5 7.25862e-19
9 5 1.45335e-17
9 5.5 2.51411e-16
9 6 3.75747e-15
9 6.5 4.85181e-14
9 7 5.41264e-13
9 7.5 5.21689e-12
9 8 4.34422e-11
9 8.5 3.12542e-10
9 9 1.94269e-09
9 9.5 1.04326e-08
9 10 4.84042e-08
9 10.5 1.9403e-07
9 11 6.71973e-07
9 11.5 2.01063e-06
9 12 5.19768e-06
9 12.5 1.16087e-05
9 13 2.24004e-05
9 13.5 3.73444e-05
9 14 5.37887e-05
9 14.5 6.69352e-05
9 15 7.1964e-05
9 15.5 6.68457e-05
9 16 5.36449e-05
9 16.5 3.71946e-05
9 17 2.22808e-05
9 17.5 1.15313e-05
9 18 5.15609e-06
9 18.5 1.99187e-06
9 19 6.64813e-07
9 19.5 1.91706e-07
9 20 4.77604e-08
9 20.5 1.02801e-08
9 21 1.91172e-09
9 21.5 3.07149e-10
9 22 4.26354e-11
9 22.5 5.11315e-12
9 23 5.29791e-13
9 23.5 4.74261e-14
9 24 3.66798e-15
9 24.5 2.45095e-16
9 25 1.41494e-17
9 25.5 7.05734e-19
9 26 3.04117e-20
9 26.5 1.13223e-21
9 27 3.64191e-23
9 27.5 1.01209e-24
9 28 2.43001e-26
9 28.5 5.04072e-28
9 29 9.03389e-30
9 29.5 1.3988e-31
9 30 1.87125e-33
9 30.5 2.16274e-35
9 31 2.15961e-37
9 31.5 1.86313e-39
9 32 1.3887e-41
9 32.5 8.94276e-44
9 33 4.97544e-46
9 33.5 2.3916e-48
9 34 9.93213e-51
9 34.5 3.56364e-53
9 35 1.10469e-55

9.5 0 7.34006e-33
9.5 0.5 5.4795e-31
9.5 1 3.53411e-29
9.5 1.5 1.96932e-27
9.5 2 9.48091e-26
9.5 2.5 3.94349e-24
9.5 3 1.41713e-22
9.5 3.5 4.39981e-21
9.5 4 1.1802e-19
9.5 4.5 2.73511e-18
9.5 5 5.47636e-17
9.5 5.5 9.47341e-16
9.5 6 1.41585e-14
9.5 6.5 1.82821e-13
9.5 7 2.03953e-12
9.5 7.5 1.96577e-11
9.5 8 1.63694e-10
9.5 8.5 1.17769e-09
9.5 9 7.32023e-09
9.5 9.5 3.93112e-08
9.5 10 1.82392e-07
9.5 10.5 7.31123e-07
9.5 11 2.53206e-06
9.5 11.5 7.57624e-06
9.5 12 1.95854e-05
9.5 12.5 4.37427e-05
9.5 13 8.44069e-05
9.5 13.5 0.000140717
9.5 14 0.000202681
9.5 14.5 0.000252218
9.5 15 0.000271167
9.5 15.5 0.000251881
9.5 16 0.000202139
9.5 16.5 0.000140153
9.5 17 8.3956e-05
9.5 17.5 4.34509e-05
9.5 18 1.94286e-05
9.5 18.5 7.50556e-06
9.5 19 2.50508e-06
9.5 19.5 7.22365e-07
9.5 20 1.79966e-07
9.5 20.5 3.87364e-08
9.5 21 7.20354e-09
9.5 21.5 1.15736e-09
9.5 22 1.60654e-10
9.5 22.5 1.92668e-11
9.5 23 1.9963e-12
9.5 23.5 1.78706e-13
9.5 24 1.38213e-14
9.5 24.5 9.23542e-16
9.5 25 5.33164e-17
9.5 25.5 2.65927e-18
9.5 26 1.14594e-19
9.5 26.5 4.26636e-21
9.5 27 1.37231e-22
9.5 27.5 3.81366e-24
9.5 28 9.1565e-26
9.5 28.5 1.89939e-27
9.5 29 3.40406e-29
9.5 29.5 5.27079e-31
9.5 30 7.05103e-33
9.5 30.5 8.14941e-35
9.5 31 8.13762e-37
9.5 31.5 7.02046e-39
9.5 32 5.23276e-41
9.5 32.5 3.36972e-43
9.5 33 1.87479e-45
9.5 33.5 9.01177e-48
9.5 34 3.74252e-50
9.5 34.5 1.34281e-52
9.5 35 4.16259e-55

10 0 2.41311e-32
10 0.5 1.80143e-30
10 1 1.16187e-28
10 1.5 6.47431e-27
10 2 3.11693e-25
10 2.5 1.29646e-23
10 3 4.65893e-22
10 3.5 1.44648e-20
10 4 3.88001e-19
10 4.5 8.99193e-18
10 5 1.8004e-16
10 5.5 3.11446e-15
10 6 4.65473e-14
10 6.5 6.01039e-13
10 7 6.70514e-12
10 7.5 6.46265e-11
10 8 5.38159e-10
10 8.5 3.87175e-09
10 9 2.40659e-08
10 9.5 1.29239e-07
10 10 5.99628e-07
10 10.5 2.40363e-06
10 11 8.32436e-06
10 11.5 2.49076e-05
10 12 6.43885e-05
10 12.5 0.000143808
10 13 0.000277495
10 13.5 0.00046262
10 14 0.000666331
10 14.5 0.000829189
10 15 0.000891486
10 15.5 0.00082808
10 16 0.000664549
10 16.5 0.000460765
10 17 0.000276013
10 17.5 0.000142848
10 18 6.38733e-05
10 18.5 2.46752e-05
10 19 8.23566e-06
10 19.5 2.37484e-06
10 20 5.91652e-07
10 20.5 1.27349e-07
10 21 2.36823e-08
10 21.5 3.80494e-09
10 22 5.28164e-10
10 22.5 6.33414e-11
10 23 6.56301e-12
10 23.5 5.87511e-13
10 24 4.54387e-14
10 24.5 3.03622e-15
10 25 1.75282e-16
10 25.5 8.74259e-18
10 26 3.76738e-19
10 26.5 1.4026e-20
10 27 4.51158e-22
10 27.5 1.25377e-23
10 28 3.01028e-25
10 28.5 6.24441e-27
10 29 1.11911e-28
10 29.5 1.73282e-30
10 30 2.31809e-32
10 30.5 2.67919e-34
10 31 2.67531e-36
10 31.5 2.30804e-38
10 32 1.72031e-40
10 32.5 1.10782e-42
10 33 6.16354e-45
10 33.5 2.9627e-47
10 34 1.23039e-49
10 34.5 4.41461e-52
10 35 1.36849e-54

10.5 0 6.92164e-32
10.5 0.5 5.16715e-30
10.5 1 3.33265e-28
10.5 1.5 1.85706e-26
10.5 2 8.94046e-25
10.5 2.5 3.71869e-23
10.5 3 1.33634e-21
10.5 3.5 4.149e-20
10.5 4 1.11292e-18
10.5 4.5 2.5792e-17
10.5 5 5.16419e-16
10.5 5.5 8.93338e-15
10.5 6 1.33514e-13
10.5 6.5 1.72399e-12
10.5 7 1.92327e-11
10.5 7.5 1.85372e-10
10.5 8 1.54363e-09
10.5 8.5 1.11056e-08
10.5 9 6.90294e-08
10.5 9.5 3.70703e-07
10.5 10 1.71994e-06
10.5 10.5 6.89446e-06
10.5 11 2.38772e-05
10.5 11.5 7.14437e-05
10.5 12 0.000184689
10.5 12.5 0.000412492
10.5 13 0.000795953
10.5 13.5 0.00132696
10.5 14 0.00191127
10.5 14.5 0.00237841
10.5 15 0.00255709
10.5 15.5 0.00237522
10.5 16 0.00190616
10.5 16.5 0.00132164
10.5 17 0.000791701
10.5 17.5 0.00040974
10.5 18 0.000183211
10.5 18.5 7.07771e-05
10.5 19 2.36228e-05
10.5 19.5 6.81187e-06
10.5 20 1.69707e-06
10.5 20.5 3.65282e-07
10.5 21 6.79291e-08
10.5 21.5 1.09139e-08
10.5 22 1.51496e-09
10.5 22.5 1.81685e-10
10.5 23 1.8825e-11
10.5 23.5 1.68519e-12
10.5 24 1.30334e-13
10.5 24.5 8.70896e-15
10.5 25 5.02772e-16
10.5 25.5 2.50768e-17
10.5 26 1.08062e-18
10.5 26.5 4.02316e-20
10.5 27 1.29408e-21
10.5 27.5 3.59626e-23
10.5 28 8.63454e-25
10.5 28.5 1.79112e-26
10.5 29 3.21001e-28
10.5 29.5 4.97034e-30
10.5 30 6.64909e-32
10.5 30.5 7.68486e-34
10.5 31 7.67374e-36
10.5 31.5 6.62026e-38
10.5 32 4.93447e-40
10.5 32.5 3.17763e-42
10.5 33 1.76792e-44
10.5 33.5 8.49806e-47
10.5 34 3.52918e-49
10.5 34.5 1.26627e-51
10.5 35 3.92531e-54

11 0 1.7322e-31
11 0.5 1.29312e-29
11 1 8.34023e-28
11 1.5 4.64744e-26
11 2 2.23742e-24
11 2.5 9.30633e-23
11 3 3.34431e-21
11 3.5 1.03832e-19
11 4 2.78518e-18
11 4.5 6.45465e-17
11 5 1.29238e-15
11 5.5 2.23565e-14
11 6 3.34129e-13
11 6.5 4.31442e-12
11 7 4.81314e-11
11 7.5 4.63907e-10
11 8 3.86306e-09
11 8.5 2.77925e-08
11 9 1.72752e-07
11 9.5 9.27713e-07
11 10 4.3043e-06
11 10.5 1.72539e-05
11 11 5.97546e-05
11 11.5 0.000178793
11 12 0.000462199
11 12.5 0.00103229
11 13 0.00199194
11 13.5 0.00332081
11 14 0.00478311
11 14.5 0.00595215
11 15 0.00639933
11 15.5 0.00594419
11 16 0.00477032
11 16.5 0.0033075
11 17 0.0019813
11 17.5 0.00102541
11 18 0.0004585
11 18.5 0.000177125
11 19 5.91179e-05
11 19.5 1.70472e-05
11 20 4.24704e-06
11 20.5 9.14148e-07
11 21 1.69998e-07
11 21.5 2.73129e-08
11 22 3.79131e-09
11 22.5 4.54682e-10
11 23 4.71111e-11
11 23.5 4.21732e-12
11 24 3.26172e-13
11 24.5 2.17949e-14
11 25 1.25823e-15
11 25.5 6.27567e-17
11 26 2.70433e-18
11 26.5 1.00683e-19
11 27 3.23854e-21
11 27.5 8.99994e-23
11 28 2.16086e-24
11 28.5 4.48242e-26
11 29 8.0333e-28
11 29.5 1.24387e-29
11 30 1.66399e-31
11 30.5 1.9232e-33
11 31 1.92041e-35
11 31.5 1.65677e-37
11 32 1.23489e-39
11 32.5 7.95226e-42
11 33 4.42436e-44
11 33.5 2.12671e-46
11 34 8.83205e-49
11 34.5 3.16893e-51
11 35 9.82339e-54

11.5 0 3.78216e-31
11.5 0.5 2.82346e-29
11.5 1 1.82105e-27
11.5 1.5 1.01475e-25
11.5 2 4.88529e-24
11.5 2.5 2.03199e-22
11.5 3 7.30213e-21
11.5 3.5 2.26712e-19
11.5 4 6.0813e-18
11.5 4.5 1.40934e-16
11.5 5 2.82184e-15
11.5 5.5 4.88143e-14
11.5 6 7.29555e-13
11.5 6.5 9.42033e-12
11.5 7 1.05092e-10
11.5 7.5 1.01292e-09
11.5 8 8.43479e-09
11.5 8.5 6.06836e-08
11.5 9 3.77195e-07
11.5 9.5 2.02561e-06
11.5 10 9.39822e-06
11.5 10.5 3.76731e-05
11.5 11 0.000130471
11.5 11.5 0.000390386
11.5 12 0.00100919
11.5 12.5 0.00225396
11.5 13 0.00434929
11.5 13.5 0.00725083
11.5 14 0.0104437
11.5 14.5 0.0129962
11.5 15 0.0139726
11.5 15.5 0.0129788
11.5 16 0.0104158
11.5 16.5 0.00722176
11.5 17 0.00432606
11.5 17.5 0.00223892
11.5 18 0.00100111
11.5 18.5 0.000386744
11.5 19 0.000129081
11.5 19.5 3.72218e-05
11.5 20 9.27321e-06
11.5 20.5 1.996e-06
11.5 21 3.71182e-07
11.5 21.5 5.96363e-08
11.5 22 8.27813e-09
11.5 22.5 9.92775e-10
11.5 23 1.02865e-10
11.5 23.5 9.2083e-12
11.5 24 7.1218e-13
11.5 24.5 4.7588e-14
11.5 25 2.74727e-15
11.5 25.5 1.37026e-16
11.5 26 5.90476e-18
11.5 26.5 2.19836e-19
11.5 27 7.07118e-21
11.5 27.5 1.96509e-22
11.5 28 4.71813e-24
11.5 28.5 9.78713e-26
11.5 29 1.75403e-27
11.5 29.5 2.71592e-29
11.5 30 3.63323e-31
11.5 30.5 4.1992e-33
11.5 31 4.19313e-35
11.5 31.5 3.61748e-37
11.5 32 2.69632e-39
11.5 32.5 1.73634e-41
11.5 33 9.66037e-44
11.5 33.5 4.64355e-46
11.5 34 1.92843e-48
11.5 34.5 6.9192e-51
11.5 35 2.14489e-53

12 0 7.20507e-31
12 0.5 5.37874e-29
12 1 3.46912e-27
12 1.5 1.93311e-25
12 2 9.30656e-24
12 2.5 3.87097e-22
12 3 1.39107e-20
12 3.5 4.3189e-19
12 4 1.1585e-17
12 4.5 2.68482e-16
12 5 5.37566e-15
12 5.5 9.29919e-14
12 6 1.38981e-12
12 6.5 1.79459e-11
12 7 2.00203e-10
12 7.5 1.92962e-09
12 8 1.60684e-08
12 8.5 1.15603e-07
12 9 7.18561e-07
12 9.5 3.85883e-06
12 10 1.79038e-05
12 10.5 7.17678e-05
12 11 0.00024855
12 11.5 0.000743692
12 12 0.00192252
12 12.5 0.00429383
12 13 0.00828547
12 13.5 0.0138129
12 14 0.0198954
12 14.5 0.024758
12 15 0.0266181
12 15.5 0.0247249
12 16 0.0198422
12 16.5 0.0137576
12 17 0.00824121
12 17.5 0.00426518
12 18 0.00190713
12 18.5 0.000736754
12 19 0.000245901
12 19.5 7.09081e-05
12 20 1.76656e-05
12 20.5 3.8024e-06
12 21 7.07107e-07
12 21.5 1.13608e-07
12 22 1.577e-08
12 22.5 1.89125e-09
12 23 1.95959e-10
12 23.5 1.7542e-11
12 24 1.35671e-12
12 24.5 9.06558e-14
12 25 5.2336e-15
12 25.5 2.61037e-16
12 26 1.12487e-17
12 26.5 4.18791e-19
12 27 1.34707e-20
12 27.5 3.74353e-22
12 28 8.98812e-24
12 28.5 1.86446e-25
12 29 3.34146e-27
12 29.5 5.17387e-29
12 30 6.92137e-31
12 30.5 7.99955e-33
12 31 7.98797e-35
12 31.5 6.89135e-37
12 32 5.13653e-39
12 32.5 3.30775e-41
12 33 1.84032e-43
12 33.5 8.84604e-46
12 34 3.6737e-48
12 34.5 1.31812e-50
12 35 4.08604e-53

12.5 0 1.19755e-30
12.5 0.5 8.93993e-29
12.5 1 5.76598e-27
12.5 1.5 3.21299e-25
12.5 2 1.54683e-23
12.5 2.5 6.43389e-22
12.5 3 2.31207e-20
12.5 3.5 7.17839e-19
12.5 4 1.92552e-17
12.5 4.5 4.4624e-16
12.5 5 8.93481e-15
12.5 5.5 1.54561e-13
12.5 6 2.30999e-12
12.5 6.5 2.98276e-11
12.5 7 3.32754e-10
12.5 7.5 3.2072e-09
12.5 8 2.67071e-08
12.5 8.5 1.92143e-07
12.5 9 1.19431e-06
12.5 9.5 6.41371e-06
12.5 10 2.97576e-05
12.5 10.5 0.000119284
12.5 11 0.000413111
12.5 11.5 0.00123608
12.5 12 0.00319539
12.5 12.5 0.00713673
12.5 13 0.0137712
12.5 13.5 0.0229583
12.5 14 0.0330679
12.5 14.5 0.04115
12.5 15 0.0442415
12.5 15.5 0.0410949
12.5 16 0.0329794
12.5 16.5 0.0228663
12.5 17 0.0136976
12.5 17.5 0.0070891
12.5 18 0.00316982
12.5 18.5 0.00122455
12.5 19 0.000408709
12.5 19.5 0.000117855
12.5 20 2.93618e-05
12.5 20.5 6.31993e-06
12.5 21 1.17527e-06
12.5 21.5 1.88827e-07
12.5 22 2.62111e-08
12.5 22.5 3.14343e-09
12.5 23 3.25701e-10
12.5 23.5 2.91563e-11
12.5 24 2.25498e-12
12.5 24.5 1.50678e-13
12.5 25 8.6987e-15
12.5 25.5 4.33866e-16
12.5 26 1.86963e-17
12.5 26.5 6.96067e-19
12.5 27 2.23895e-20
12.5 27.5 6.22207e-22
12.5 28 1.4939e-23
12.5 28.5 3.0989e-25
12.5 29 5.55379e-27
12.5 29.5 8.59942e-29
12.5 30 1.15039e-30
12.5 30.5 1.3296e-32
12.5 31 1.32767e-34
12.5 31.5 1.1454e-36
12.5 32 8.53736e-39
12.5 32.5 5.49777e-41
12.5 33 3.05876e-43
12.5 33.5 1.47029e-45
12.5 34 6.106e-48
12.5 34.5 2.19083e-50
12.5 35 6.79136e-53

13 0 1.73661e-30
13 0.5 1.29641e-28
13 1 8.36147e-27
13 1.5 4.65928e-25
13 2 2.24312e-23
13 2.5 9.33003e-22
13 3 3.35283e-20
13 3.5 1.04096e-18
13 4 2.79228e-17
13 4.5 6.47109e-16
13 5 1.29567e-14
13 5.5 2.24134e-13
13 6 3.3498e-12
13 6.5 4.32541e-11
13 7 4.8254e-10
13 7.5 4.65089e-09
13 8 3.87289e-08
13 8.5 2.78633e-07
13 9 1.73192e-06
13 9.5 9.30076e-06
13 10 4.31526e-05
13 10.5 0.000172979
13 11 0.000599068
13 11.5 0.00179249
13 12 0.00463376
13 12.5 0.0103492
13 13 0.0199701
13 13.5 0.0332927
13 14 0.047953
13 14.5 0.0596731
13 15 0.0641563
13 15.5 0.0595933
13 16 0.0478247
13 16.5 0.0331592
13 17 0.0198634
13 17.5 0.0102802
13 18 0.00459668
13 18.5 0.00177576
13 19 0.000592684
13 19.5 0.000170907
13 20 4.25786e-05
13 20.5 9.16476e-06
13 21 1.70431e-06
13 21.5 2.73825e-07
13 22 3.80096e-08
13 22.5 4.5584e-09
13 23 4.72311e-10
13 23.5 4.22806e-11
13 24 3.27003e-12
13 24.5 2.18504e-13
13 25 1.26143e-14
13 25.5 6.29166e-16
13 26 2.71122e-17
13 26.5 1.00939e-18
13 27 3.24679e-20
13 27.5 9.02286e-22
13 28 2.16637e-23
13 28.5 4.49383e-25
13 29 8.05377e-27
13 29.5 1.24703e-28
13 30 1.66823e-30
13 30.5 1.9281e-32
13 31 1.9253e-34
13 31.5 1.66099e-36
13 32 1.23804e-38
13 32.5 7.97252e-41
13 33 4.43563e-43
13 33.5 2.13212e-45
13 34 8.85455e-48
13 34.5 3.177e-50
13 35 9.84841e-53

13.5 0 2.19718e-30
13.5 0.5 1.64024e-28
13.5 1 1.05791e-26
13.5 1.5 5.89499e-25
13.5 2 2.83803e-23
13.5 2.5 1.18045e-21
13.5 3 4.24205e-20
13.5 3.5 1.31704e-18
13.5 4 3.53283e-17
13.5 4.5 8.18733e-16
13.5 5 1.6393e-14
13.5 5.5 2.83578e-13
13.5 6 4.23822e-12
13.5 6.5 5.47258e-11
13.5 7 6.10517e-10
13.5 7.5 5.88438e-09
13.5 8 4.90005e-08
13.5 8.5 3.52531e-07
13.5 9 2.19125e-06
13.5 9.5 1.17675e-05
13.5 10 5.45974e-05
13.5 10.5 0.000218856
13.5 11 0.00075795
13.5 11.5 0.00226788
13.5 12 0.00586271
13.5 12.5 0.013094
13.5 13 0.0252665
13.5 13.5 0.0421225
13.5 14 0.0606708
13.5 14.5 0.0754994
13.5 15 0.0811716
13.5 15.5 0.0753983
13.5 16 0.0605086
13.5 16.5 0.0419536
13.5 17 0.0251315
13.5 17.5 0.0130066
13.5 18 0.00581579
13.5 18.5 0.00224672
13.5 19 0.000749874
13.5 19.5 0.000216234
13.5 20 5.38711e-05
13.5 20.5 1.15954e-05
13.5 21 2.15632e-06
13.5 21.5 3.46447e-07
13.5 22 4.80904e-08
13.5 22.5 5.76736e-09
13.5 23 5.97575e-10
13.5 23.5 5.34941e-11
13.5 24 4.13729e-12
13.5 24.5 2.76454e-13
13.5 25 1.59598e-14
13.5 25.5 7.9603e-16
13.5 26 3.43027e-17
13.5 26.5 1.2771e-18
13.5 27 4.10788e-20
13.5 27.5 1.14159e-21
13.5 28 2.74092e-23
13.5 28.5 5.68567e-25
13.5 29 1.01897e-26
13.5 29.5 1.57777e-28
13.5 30 2.11067e-30
13.5 30.5 2.43946e-32
13.5 31 2.43593e-34
13.5 31.5 2.10151e-36
13.5 32 1.56638e-38
13.5 32.5 1.0087e-40
13.5 33 5.61203e-43
13.5 33.5 2.69759e-45
13.5 34 1.12029e-47
13.5 34.5 4.01959e-50
13.5 35 1.24604e-52

14 0 2.42541e-30
14 0.5 1.81062e-28
14 1 1.1678e-26
14 1.5 6.50734e-25
14 2 3.13283e-23
14 2.5 1.30307e-21
14 3 4.68269e-20
14 3.5 1.45385e-18
14 4 3.8998e-17
14 4.5 9.03779e-16
14 5 1.80958e-14
14 5.5 3.13035e-13
14 6 4.67847e-12
14 6.5 6.04105e-11
14 7 6.73934e-10
14 7.5 6.49561e-09
14 8 5.40904e-08
14 8.5 3.8915e-07
14 9 2.41886e-06
14 9.5 1.29898e-05
14 10 6.02687e-05
14 10.5 0.000241589
14 11 0.000836682
14 11.5 0.00250346
14 12 0.0064717
14 12.5 0.0144542
14 13 0.027891
14 13.5 0.0464979
14 14 0.066973
14 14.5 0.0833419
14 15 0.0896033
14 15.5 0.0832303
14 16 0.0667939
14 16.5 0.0463115
14 17 0.027742
14 17.5 0.0143577
14 18 0.00641991
14 18.5 0.0024801
14 19 0.000827767
14 19.5 0.000238695
14 20 5.9467e-05
14 20.5 1.27999e-05
14 21 2.38031e-06
14 21.5 3.82434e-07
14 22 5.30858e-08
14 22.5 6.36644e-09
14 23 6.59649e-10
14 23.5 5.90508e-11
14 24 4.56705e-12
14 24.5 3.05171e-13
14 25 1.76176e-14
14 25.5 8.78718e-16
14 26 3.78659e-17
14 26.5 1.40976e-18
14 27 4.53459e-20
14 27.5 1.26017e-21
14 28 3.02563e-23
14 28.5 6.27626e-25
14 29 1.12482e-26
14 29.5 1.74166e-28
14 30 2.32991e-30
14 30.5 2.69286e-32
14 31 2.68896e-34
14 31.5 2.31981e-36
14 32 1.72909e-38
14 32.5 1.11347e-40
14 33 6.19498e-43
14 33.5 2.97781e-45
14 34 1.23666e-47
14 34.5 4.43713e-50
14 35 1.37547e-52

14.5 0 2.33594e-30
14.5 0.5 1.74383e-28
14.5 1 1.12471e-26
14.5 1.5 6.26727e-25
14.5 2 3.01725e-23
14.5 2.5 1.255e-21
14.5 3 4.50994e-20
14.5 3.5 1.40022e-18
14.5 4 3.75593e-17
14.5 4.5 8.70437e-16
14.5 5 1.74283e-14
14.5 5.5 3.01487e-13
14.5 6 4.50587e-12
14.5 6.5 5.81818e-11
14.5 7 6.49072e-10
14.5 7.5 6.25598e-09
14.5 8 5.20949e-08
14.5 8.5 3.74794e-07
14.5 9 2.32963e-06
14.5 9.5 1.25106e-05
14.5 10 5.80453e-05
14.5 10.5 0.000232677
14.5 11 0.000805816
14.5 11.5 0.0024111
14.5 12 0.00623295
14.5 12.5 0.0139209
14.5 13 0.0268621
14.5 13.5 0.0447825
14.5 14 0.0645023
14.5 14.5 0.0802673
14.5 15 0.0862977
14.5 15.5 0.0801599
14.5 16 0.0643298
14.5 16.5 0.044603
14.5 17 0.0267186
14.5 17.5 0.013828
14.5 18 0.00618307
14.5 18.5 0.00238861
14.5 19 0.000797229
14.5 19.5 0.000229889
14.5 20 5.72732e-05
14.5 20.5 1.23277e-05
14.5 21 2.29249e-06
14.5 21.5 3.68326e-07
14.5 22 5.11274e-08
14.5 22.5 6.13158e-09
14.5 23 6.35313e-10
14.5 23.5 5.68723e-11
14.5 24 4.39857e-12
14.5 24.5 2.93913e-13
14.5 25 1.69677e-14
14.5 25.5 8.46301e-16
14.5 26 3.6469e-17
14.5 26.5 1.35775e-18
14.5 27 4.3673e-20
14.5 27.5 1.21368e-21
14.5 28 2.91401e-23
14.5 28.5 6.04472e-25
14.5 29 1.08332e-26
14.5 29.5 1.67741e-28
14.5 30 2.24396e-30
14.5 30.5 2.59351e-32
14.5 31 2.58976e-34
14.5 31.5 2.23423e-36
14.5 32 1.6653e-38
14.5 32.5 1.0724e-40
14.5 33 5.96643e-43
14.5 33.5 2.86795e-45
14.5 34 1.19104e-47
14.5 34.5 4.27344e-50
14.5 35 1.32473e-52

15 0 1.96287e-30
15 0.5 1.46532e-28
15 1 9.45089e-27
15 1.5 5.26634e-25
15 2 2.53538e-23
15 2.5 1.05456e-21
15 3 3.78967e-20
15 3.5 1.17659e-18
15 4 3.15608e-17
15 4.5 7.31422e-16
15 5 1.46448e-14
15 5.5 2.53337e-13
15 6 3.78625e-12
15 6.5 4.88898e-11
15 7 5.4541e-10
15 7.5 5.25686e-09
15 8 4.3775e-08
15 8.5 3.14936e-07
15 9 1.95757e-06
15 9.5 1.05126e-05
15 10 4.8775e-05
15 10.5 0.000195516
15 11 0.000677121
15 11.5 0.00202603
15 12 0.0052375
15 12.5 0.0116976
15 13 0.022572
15 13.5 0.0376304
15 14 0.0542008
15 14.5 0.067448
15 15 0.0725153
15 15.5 0.0673577
15 16 0.0540558
15 16.5 0.0374796
15 17 0.0224514
15 17.5 0.0116196
15 18 0.00519559
15 18.5 0.00200713
15 19 0.000669906
15 19.5 0.000193174
15 20 4.81262e-05
15 20.5 1.03588e-05
15 21 1.92636e-06
15 21.5 3.09501e-07
15 22 4.2962e-08
15 22.5 5.15232e-09
15 23 5.33849e-10
15 23.5 4.77894e-11
15 24 3.69608e-12
15 24.5 2.46973e-13
15 25 1.42578e-14
15 25.5 7.1114e-16
15 26 3.06446e-17
15 26.5 1.14091e-18
15 27 3.66981e-20
15 27.5 1.01985e-21
15 28 2.44862e-23
15 28.5 5.07934e-25
15 29 9.1031e-27
15 29.5 1.40951e-28
15 30 1.88558e-30
15 30.5 2.17931e-32
15 31 2.17615e-34
15 31.5 1.8774e-36
15 32 1.39934e-38
15 32.5 9.01126e-41
15 33 5.01355e-43
15 33.5 2.40992e-45
15 34 1.00082e-47
15 34.5 3.59094e-50
15 35 1.11316e-52

15.5 0 1.43906e-30
15.5 0.5 1.07429e-28
15.5 1 6.92881e-27
15.5 1.5 3.86096e-25
15.5 2 1.85878e-23
15.5 2.5 7.73142e-22
15.5 3 2.77835e-20
15.5 3.5 8.62605e-19
15.5 4 2.31385e-17
15.5 4.5 5.36233e-16
15.5 5 1.07367e-14
15.5 5.5 1.85731e-13
15.5 6 2.77585e-12
15.5 6.5 3.5843e-11
15.5 7 3.99861e-10
15.5 7.5 3.854e-09
15.5 8 3.20931e-08
15.5 8.5 2.30892e-07
15.5 9 1.43517e-06
15.5 9.5 7.70716e-06
15.5 10 3.57588e-05
15.5 10.5 0.000143341
15.5 11 0.000496423
15.5 11.5 0.00148536
15.5 12 0.00383981
15.5 12.5 0.00857599
15.5 13 0.0165484
15.5 13.5 0.0275883
15.5 14 0.0397367
15.5 14.5 0.0494487
15.5 15 0.0531637
15.5 15.5 0.0493825
15.5 16 0.0396304
15.5 16.5 0.0274777
15.5 17 0.01646
15.5 17.5 0.00851877
15.5 18 0.00380908
15.5 18.5 0.0014715
15.5 19 0.000491134
15.5 19.5 0.000141623
15.5 20 3.52832e-05
15.5 20.5 7.59447e-06
15.5 21 1.41229e-06
15.5 21.5 2.26907e-07
15.5 22 3.14971e-08
15.5 22.5 3.77736e-09
15.5 23 3.91385e-10
15.5 23.5 3.50362e-11
15.5 24 2.70974e-12
15.5 24.5 1.81065e-13
15.5 25 1.0453e-14
15.5 25.5 5.21364e-16
15.5 26 2.24667e-17
15.5 26.5 8.36443e-19
15.5 27 2.69048e-20
15.5 27.5 7.47688e-22
15.5 28 1.79518e-23
15.5 28.5 3.72386e-25
15.5 29 6.67383e-27
15.5 29.5 1.03337e-28
15.5 30 1.38239e-30
15.5 30.5 1.59773e-32
15.5 31 1.59542e-34
15.5 31.5 1.3764e-36
15.5 32 1.02591e-38
15.5 32.5 6.6065e-41
15.5 33 3.67563e-43
15.5 33.5 1.7668e-45
15.5 34 7.3374e-48
15.5 34.5 2.63265e-50
15.5 35 8.16098e-53

16 0 9.2049e-31
16 0.5 6.87165e-29
16 1 4.432e-27
16 1.5 2.46965e-25
16 2 1.18897e-23
16 2.5 4.94539e-22
16 3 1.77717e-20
16 3.5 5.51764e-19
16 4 1.48005e-17
16 4.5 3.43001e-16
16 5 6.86771e-15
16 5.5 1.18803e-13
16 6 1.77557e-12
16 6.5 2.29269e-11
16 7 2.55771e-10
16 7.5 2.46521e-09
16 8 2.05283e-08
16 8.5 1.4769e-07
16 9 9.18004e-07
16 9.5 4.92987e-06
16 10 2.28731e-05
16 10.5 9.16875e-05
16 11 0.000317536
16 11.5 0.000950109
16 12 0.00245613
16 12.5 0.00548562
16 13 0.0105852
16 13.5 0.0176468
16 14 0.0254175
16 14.5 0.0316298
16 15 0.0340061
16 15.5 0.0315875
16 16 0.0253495
16 16.5 0.0175761
16 17 0.0105286
16 17.5 0.00544901
16 18 0.00243647
16 18.5 0.000941245
16 19 0.000314153
16 19.5 9.05892e-05
16 20 2.25688e-05
16 20.5 4.85779e-06
16 21 9.0337e-07
16 21.5 1.45141e-07
16 22 2.0147e-08
16 22.5 2.41618e-09
16 23 2.50349e-10
16 23.5 2.24109e-11
16 24 1.73328e-12
16 24.5 1.15818e-13
16 25 6.68622e-15
16 25.5 3.3349e-16
16 26 1.43708e-17
16 26.5 5.35029e-19
16 27 1.72096e-20
16 27.5 4.78257e-22
16 28 1.14828e-23
16 28.5 2.38196e-25
16 29 4.2689e-27
16 29.5 6.60991e-29
16 30 8.84244e-31
16 30.5 1.02199e-32
16 31 1.02051e-34
16 31.5 8.8041e-37
16 32 6.56221e-39
16 32.5 4.22584e-41
16 33 2.35111e-43
16 33.5 1.13013e-45
16 34 4.69336e-48
16 34.5 1.68397e-50
16 35 5.22016e-53

16.5 0 5.13707e-31
16.5 0.5 3.83493e-29
16.5 1 2.47341e-27
16.5 1.5 1.37827e-25
16.5 2 6.63539e-24
16.5 2.5 2.75992e-22
16.5 3 9.91802e-21
16.5 3.5 3.07929e-19
16.5 4 8.25985e-18
16.5 4.5 1.91422e-16
16.5 5 3.83273e-15
16.5 5.5 6.63013e-14
16.5 6 9.90908e-13
16.5 6.5 1.2795e-11
16.5 7 1.4274e-10
16.5 7.5 1.37578e-09
16.5 8 1.14564e-08
16.5 8.5 8.24227e-08
16.5 9 5.1232e-07
16.5 9.5 2.75126e-06
16.5 10 1.2765e-05
16.5 10.5 5.1169e-05
16.5 11 0.000177211
16.5 11.5 0.000530237
16.5 12 0.00137072
16.5 12.5 0.00306142
16.5 13 0.00590737
16.5 13.5 0.00984834
16.5 14 0.014185
16.5 14.5 0.017652
16.5 15 0.0189781
16.5 15.5 0.0176283
16.5 16 0.0141471
16.5 16.5 0.00980886
16.5 17 0.00587581
16.5 17.5 0.00304099
16.5 18 0.00135975
16.5 18.5 0.00052529
16.5 19 0.000175322
16.5 19.5 5.0556e-05
16.5 20 1.25952e-05
16.5 20.5 2.71104e-06
16.5 21 5.04153e-07
16.5 21.5 8.10003e-08
16.5 22 1.12437e-08
16.5 22.5 1.34842e-09
16.5 23 1.39715e-10
16.5 23.5 1.25071e-11
16.5 24 9.67309e-13
16.5 24.5 6.46357e-14
16.5 25 3.73145e-15
16.5 25.5 1.86114e-16
16.5 26 8.02007e-18
16.5 26.5 2.98589e-19
16.5 27 9.60434e-21
16.5 27.5 2.66906e-22
16.5 28 6.40834e-24
16.5 28.5 1.32932e-25
16.5 29 2.38239e-27
16.5 29.5 3.68886e-29
16.5 30 4.93479e-31
16.5 30.5 5.70351e-33
16.5 31 5.69526e-35
16.5 31.5 4.91339e-37
16.5 32 3.66224e-39
16.5 32.5 2.35836e-41
16.5 33 1.31211e-43
16.5 33.5 6.30705e-46
16.5 34 2.61927e-48
16.5 34.5 9.39792e-51
16.5 35 2.91327e-53

17 0 2.50131e-31
17 0.5 1.86728e-29
17 1 1.20434e-27
17 1.5 6.71096e-26
17 2 3.23086e-24
17 2.5 1.34384e-22
17 3 4.82922e-21
17 3.5 1.49935e-19
17 4 4.02183e-18
17 4.5 9.3206e-17
17 5 1.86621e-15
17 5.5 3.2283e-14
17 6 4.82487e-13
17 6.5 6.23008e-12
17 7 6.95023e-11
17 7.5 6.69887e-10
17 8 5.5783e-09
17 8.5 4.01327e-08
17 9 2.49455e-07
17 9.5 1.33963e-06
17 10 6.21546e-06
17 10.5 2.49149e-05
17 11 8.62863e-05
17 11.5 0.00025818
17 12 0.000667421
17 12.5 0.00149064
17 13 0.00287638
17 13.5 0.00479529
17 14 0.00690687
17 14.5 0.00859498
17 15 0.00924071
17 15.5 0.00858348
17 16 0.0068884
17 16.5 0.00477607
17 17 0.00286101
17 17.5 0.0014807
17 18 0.00066208
17 18.5 0.000255771
17 19 8.53669e-05
17 19.5 2.46164e-05
17 20 6.13278e-06
17 20.5 1.32004e-06
17 21 2.45479e-07
17 21.5 3.94401e-08
17 22 5.47469e-09
17 22.5 6.56566e-10
17 23 6.8029e-11
17 23.5 6.08986e-12
17 24 4.70996e-13
17 24.5 3.1472e-14
17 25 1.81689e-15
17 25.5 9.06215e-17
17 26 3.90508e-18
17 26.5 1.45387e-19
17 27 4.67648e-21
17 27.5 1.2996e-22
17 28 3.12031e-24
17 28.5 6.47266e-26
17 29 1.16002e-27
17 29.5 1.79616e-29
17 30 2.40282e-31
17 30.5 2.77712e-33
17 31 2.7731e-35
17 31.5 2.3924e-37
17 32 1.7832e-39
17 32.5 1.14832e-41
17 33 6.38883e-44
17 33.5 3.07099e-46
17 34 1.27536e-48
17 34.5 4.57597e-51
17 35 1.41851e-53

17.5 0 1.06261e-31
17.5 0.5 7.93262e-30
17.5 1 5.1163e-28
17.5 1.5 2.85097e-26
17.5 2 1.37254e-24
17.5 2.5 5.70895e-23
17.5 3 2.05156e-21
17.5 3.5 6.36956e-20
17.5 4 1.70856e-18
17.5 4.5 3.9596e-17
17.5 5 7.92807e-16
17.5 5.5 1.37145e-14
17.5 6 2.04971e-13
17.5 6.5 2.64668e-12
17.5 7 2.95261e-11
17.5 7.5 2.84583e-10
17.5 8 2.36978e-09
17.5 8.5 1.70493e-08
17.5 9 1.05974e-07
17.5 9.5 5.69104e-07
17.5 10 2.64046e-06
17.5 10.5 1.05844e-05
17.5 11 3.66563e-05
17.5 11.5 0.000109681
17.5 12 0.000283535
17.5 12.5 0.000633259
17.5 13 0.00122195
17.5 13.5 0.00203715
17.5 14 0.00293419
17.5 14.5 0.00365134
17.5 15 0.00392566
17.5 15.5 0.00364645
17.5 16 0.00292634
17.5 16.5 0.00202898
17.5 17 0.00121542
17.5 17.5 0.000629033
17.5 18 0.000281266
17.5 18.5 0.000108657
17.5 19 3.62658e-05
17.5 19.5 1.04576e-05
17.5 20 2.60534e-06
17.5 20.5 5.60783e-07
17.5 21 1.04285e-07
17.5 21.5 1.6755e-08
17.5 22 2.32577e-09
17.5 22.5 2.78924e-10
17.5 23 2.89002e-11
17.5 23.5 2.58711e-12
17.5 24 2.0009e-13
17.5 24.5 1.337e-14
17.5 25 7.71856e-16
17.5 25.5 3.8498e-17
17.5 26 1.65897e-18
17.5 26.5 6.17637e-20
17.5 27 1.98667e-21
17.5 27.5 5.52099e-23
17.5 28 1.32558e-24
17.5 28.5 2.74973e-26
17.5 29 4.92802e-28
17.5 29.5 7.63047e-30
17.5 30 1.02077e-31
17.5 30.5 1.17978e-33
17.5 31 1.17807e-35
17.5 31.5 1.01634e-37
17.5 32 7.57541e-40
17.5 32.5 4.8783e-42
17.5 33 2.71412e-44
17.5 33.5 1.30462e-46
17.5 34 5.41801e-49
17.5 34.5 1.94398e-51
17.5 35 6.02614e-54

18 0 3.93856e-32
18 0.5 2.94022e-30
18 1 1.89635e-28
18 1.5 1.05671e-26
18 2 5.08731e-25
18 2.5 2.11602e-23
18 3 7.60408e-22
18 3.5 2.36087e-20
18 4 6.33278e-19
18 4.5 1.46762e-17
18 5 2.93853e-16
18 5.5 5.08328e-15
18 6 7.59723e-14
18 6.5 9.80988e-13
18 7 1.09438e-11
18 7.5 1.0548e-10
18 8 8.78358e-10
18 8.5 6.31929e-09
18 9 3.92792e-08
18 9.5 2.10938e-07
18 10 9.78685e-07
18 10.5 3.92309e-06
18 11 1.35866e-05
18 11.5 4.06529e-05
18 12 0.000105092
18 12.5 0.000234717
18 13 0.000452914
18 13.5 0.000755066
18 14 0.00108755
18 14.5 0.00135336
18 15 0.00145504
18 15.5 0.00135155
18 16 0.00108465
18 16.5 0.000752039
18 17 0.000450495
18 17.5 0.00023315
18 18 0.000104251
18 18.5 4.02737e-05
18 19 1.34419e-05
18 19.5 3.8761e-06
18 20 9.65667e-07
18 20.5 2.07853e-07
18 21 3.86531e-08
18 21.5 6.21024e-09
18 22 8.62045e-10
18 22.5 1.03383e-10
18 23 1.07118e-11
18 23.5 9.58908e-13
18 24 7.4163e-14
18 24.5 4.95558e-15
18 25 2.86088e-16
18 25.5 1.42692e-17
18 26 6.14893e-19
18 26.5 2.28926e-20
18 27 7.36359e-22
18 27.5 2.04635e-23
18 28 4.91324e-25
18 28.5 1.01918e-26
18 29 1.82656e-28
18 29.5 2.82823e-30
18 30 3.78347e-32
18 30.5 4.37285e-34
18 31 4.36652e-36
18 31.5 3.76707e-38
18 32 2.80782e-40
18 32.5 1.80814e-42
18 33 1.00598e-44
18 33.5 4.83557e-47
18 34 2.00818e-49
18 34.5 7.20532e-52
18 35 2.23358e-54

18.5 0 1.27367e-32
18.5 0.5 9.50818e-31
18.5 1 6.13248e-29
18.5 1.5 3.41722e-27
18.5 2 1.64515e-25
18.5 2.5 6.84285e-24
18.5 3 2.45904e-22
18.5 3.5 7.63466e-21
18.5 4 2.04792e-19
18.5 4.5 4.74604e-18
18.5 5 9.50273e-17
18.5 5.5 1.64385e-15
18.5 6 2.45682e-14
18.5 6.5 3.17235e-13
18.5 7 3.53905e-12
18.5 7.5 3.41106e-11
18.5 8 2.84047e-10
18.5 8.5 2.04356e-09
18.5 9 1.27023e-08
18.5 9.5 6.82138e-08
18.5 10 3.16491e-07
18.5 10.5 1.26866e-06
18.5 11 4.39369e-06
18.5 11.5 1.31465e-05
18.5 12 3.3985e-05
18.5 12.5 7.59036e-05
18.5 13 0.000146465
18.5 13.5 0.000244176
18.5 14 0.000351697
18.5 14.5 0.000437656
18.5 15 0.000470536
18.5 15.5 0.00043707
18.5 16 0.000350757
18.5 16.5 0.000243197
18.5 17 0.000145683
18.5 17.5 7.5397e-05
18.5 18 3.37131e-05
18.5 18.5 1.30238e-05
18.5 19 4.34688e-06
18.5 19.5 1.25347e-06
18.5 20 3.12281e-07
18.5 20.5 6.72164e-08
18.5 21 1.24998e-08
18.5 21.5 2.00829e-09
18.5 22 2.78771e-10
18.5 22.5 3.34323e-11
18.5 23 3.46403e-12
18.5 23.5 3.10095e-13
18.5 24 2.39831e-14
18.5 24.5 1.60255e-15
18.5 25 9.25161e-17
18.5 25.5 4.61444e-18
18.5 26 1.98846e-19
18.5 26.5 7.40311e-21
18.5 27 2.38126e-22
18.5 27.5 6.61756e-24
18.5 28 1.58886e-25
18.5 28.5 3.29587e-27
18.5 29 5.90681e-29
18.5 29.5 9.14602e-31
18.5 30 1.22351e-32
18.5 30.5 1.41411e-34
18.5 31 1.41206e-36
18.5 31.5 1.21821e-38
18.5 32 9.08002e-41
18.5 32.5 5.84722e-43
18.5 33 3.25319e-45
18.5 33.5 1.56375e-47
18.5 34 6.49412e-50
18.5 34.5 2.33008e-52
18.5 35 7.22304e-55

19 0 3.59359e-33
19 0.5 2.68269e-31
19 1 1.73025e-29
19 1.5 9.64153e-28
19 2 4.64173e-26
19 2.5 1.93068e-24
19 3 6.93806e-23
19 3.5 2.15409e-21
19 4 5.7781e-20
19 4.5 1.33907e-18
19 5 2.68115e-17
19 5.5 4.63805e-16
19 6 6.93181e-15
19 6.5 8.95065e-14
19 7 9.98528e-13
19 7.5 9.62416e-12
19 8 8.01425e-11
19 8.5 5.7658e-10
19 9 3.58389e-09
19 9.5 1.92462e-08
19 10 8.92964e-08
19 10.5 3.57948e-07
19 11 1.23966e-06
19 11.5 3.70923e-06
19 12 9.58872e-06
19 12.5 2.14159e-05
19 13 4.13245e-05
19 13.5 6.88932e-05
19 14 9.92299e-05
19 14.5 0.000123483
19 15 0.00013276
19 15.5 0.000123317
19 16 9.89645e-05
19 16.5 6.8617e-05
19 17 4.11037e-05
19 17.5 2.12729e-05
19 18 9.51199e-06
19 18.5 3.67462e-06
19 19 1.22645e-06
19 19.5 3.5366e-07
19 20 8.81087e-08
19 20.5 1.89648e-08
19 21 3.52676e-09
19 21.5 5.6663e-10
19 22 7.8654e-11
19 22.5 9.43278e-12
19 23 9.77362e-13
19 23.5 8.7492e-14
19 24 6.76672e-15
19 24.5 4.52153e-16
19 25 2.6103e-17
19 25.5 1.30194e-18
19 26 5.61037e-20
19 26.5 2.08875e-21
19 27 6.71863e-23
19 27.5 1.86712e-24
19 28 4.4829e-26
19 28.5 9.29916e-28
19 29 1.66658e-29
19 29.5 2.58051e-31
19 30 3.45209e-33
19 30.5 3.98984e-35
19 31 3.98407e-37
19 31.5 3.43712e-39
19 32 2.56189e-41
19 32.5 1.64977e-43
19 33 9.17872e-46
19 33.5 4.41204e-48
19 34 1.83229e-50
19 34.5 6.57423e-53
19 35 2.03795e-55

19.5 0 8.84621e-34
19.5 0.5 6.60388e-32
19.5 1 4.2593e-30
19.5 1.5 2.37342e-28
19.5 2 1.14264e-26
19.5 2.5 4.75268e-25
19.5 3 1.70792e-23
19.5 3.5 5.30264e-22
19.5 4 1.42237e-20
19.5 4.5 3.29635e-19
19.5 5 6.6001e-18
19.5 5.5 1.14173e-16
19.5 6 1.70638e-15
19.5 6.5 2.20335e-14
19.5 7 2.45804e-13
19.5 7.5 2.36914e-12
19.5 8 1.97284e-11
19.5 8.5 1.41935e-10
19.5 9 8.82232e-10
19.5 9.5 4.73777e-09
19.5 10 2.19818e-08
19.5 10.5 8.81148e-08
19.5 11 3.05163e-07
19.5 11.5 9.13087e-07
19.5 12 2.36042e-06
19.5 12.5 5.27186e-06
19.5 13 1.01727e-05
19.5 13.5 1.69592e-05
19.5 14 2.44271e-05
19.5 14.5 3.03973e-05
19.5 15 3.2681e-05
19.5 15.5 3.03566e-05
19.5 16 2.43617e-05
19.5 16.5 1.68912e-05
19.5 17 1.01183e-05
19.5 17.5 5.23668e-06
19.5 18 2.34153e-06
19.5 18.5 9.04568e-07
19.5 19 3.01911e-07
19.5 19.5 8.70592e-08
19.5 20 2.16894e-08
19.5 20.5 4.6685e-09
19.5 21 8.68169e-10
19.5 21.5 1.39485e-10
19.5 22 1.9362e-11
19.5 22.5 2.32203e-12
19.5 23 2.40594e-13
19.5 23.5 2.15376e-14
19.5 24 1.66574e-15
19.5 24.5 1.11305e-16
19.5 25 6.42568e-18
19.5 25.5 3.20495e-19
19.5 26 1.38108e-20
19.5 26.5 5.14181e-22
19.5 27 1.6539e-23
19.5 27.5 4.59621e-25
19.5 28 1.10354e-26
19.5 28.5 2.28914e-28
19.5 29 4.10256e-30
19.5 29.5 6.35235e-32
19.5 30 8.49788e-34
19.5 30.5 9.82165e-36
19.5 31 9.80743e-38
19.5 31.5 8.46103e-40
19.5 32 6.30651e-42
19.5 32.5 4.06117e-44
19.5 33 2.25949e-46
19.5 33.5 1.0861e-48
19.5 34 4.51047e-51
19.5 34.5 1.61835e-53
19.5 35 5.01674e-56

20 0 1.89995e-34
20 0.5 1.41835e-32
20 1 9.14792e-31
20 1.5 5.09752e-29
20 2 2.4541e-27
20 2.5 1.02076e-25
20 3 3.66818e-24
20 3.5 1.13887e-22
20 4 3.05491e-21
20 4.5 7.07974e-20
20 5 1.41754e-18
20 5.5 2.45216e-17
20 6 3.66487e-16
20 6.5 4.73225e-15
20 7 5.27926e-14
20 7.5 5.08833e-13
20 8 4.23717e-12
20 8.5 3.0484e-11
20 9 1.89481e-10
20 9.5 1.01756e-09
20 10 4.72114e-09
20 10.5 1.89249e-08
20 11 6.55414e-08
20 11.5 1.96108e-07
20 12 5.0696e-07
20 12.5 1.13226e-06
20 13 2.18484e-06
20 13.5 3.64241e-06
20 14 5.24632e-06
20 14.5 6.52858e-06
20 15 7.01906e-06
20 15.5 6.51984e-06
20 16 5.23229e-06
20 16.5 3.62781e-06
20 17 2.17317e-06
20 17.5 1.12471e-06
20 18 5.02903e-07
20 18.5 1.94279e-07
20 19 6.4843e-08
20 19.5 1.86982e-08
20 20 4.65834e-09
20 20.5 1.00268e-09
20 21 1.86461e-10
20 21.5 2.9958e-11
20 22 4.15847e-12
20 22.5 4.98715e-13
20 23 5.16735e-14
20 23.5 4.62574e-15
20 24 3.57759e-16
20 24.5 2.39055e-17
20 25 1.38008e-18
20 25.5 6.88343e-20
20 26 2.96622e-21
20 26.5 1.10433e-22
20 27 3.55217e-24
20 27.5 9.87152e-26
20 28 2.37013e-27
20 28.5 4.91651e-29
20 29 8.81127e-31
20 29.5 1.36433e-32
20 30 1.82513e-34
20 30.5 2.10945e-36
20 31 2.10639e-38
20 31.5 1.81722e-40
20 32 1.35448e-42
20 32.5 8.72239e-45
20 33 4.85283e-47
20 33.5 2.33266e-49
20 34 9.68737e-52
20 34.5 3.47582e-54
20 35 1.07747e-56

20.5 0 3.56025e-35
20.5 0.5 2.6578e-33
20.5 1 1.7142e-31
20.5 1.5 9.55208e-30
20.5 2 4.59866e-28
20.5 2.5 1.91277e-26
20.5 3 6.87369e-25
20.5 3.5 2.1341e-23
20.5 4 5.7245e-22
20.5 4.5 1.32665e-20
20.5 5 2.65628e-19
20.5 5.5 4.59502e-18
20.5 6 6.8675e-17
20.5 6.5 8.86761e-16
20.5 7 9.89264e-15
20.5 7.5 9.53487e-14
20.5 8 7.93989e-13
20.5 8.5 5.71231e-12
20.5 9 3.55064e-11
20.5 9.5 1.90677e-10
20.5 10 8.8468e-10
20.5 10.5 3.54627e-09
20.5 11 1.22816e-08
20.5 11.5 3.67481e-08
20.5 12 9.49976e-08
20.5 12.5 2.12172e-07
20.5 13 4.09411e-07
20.5 13.5 6.8254e-07
20.5 14 9.83093e-07
20.5 14.5 1.22337e-06
20.5 15 1.31528e-06
20.5 15.5 1.22173e-06
20.5 16 9.80463e-07
20.5 16.5 6.79804e-07
20.5 17 4.07224e-07
20.5 17.5 2.10756e-07
20.5 18 9.42374e-08
20.5 18.5 3.64053e-08
20.5 19 1.21507e-08
20.5 19.5 3.50379e-09
20.5 20 8.72912e-10
20.5 20.5 1.87889e-10
20.5 21 3.49404e-11
20.5 21.5 5.61373e-12
20.5 22 7.79243e-13
20.5 22.5 9.34526e-14
20.5 23 9.68294e-15
20.5 23.5 8.66803e-16
20.5 24 6.70395e-17
20.5 24.5 4.47959e-18
20.5 25 2.58608e-19
20.5 25.5 1.28986e-20
20.5 26 5.55831e-22
20.5 26.5 2.06938e-23
20.5 27 6.6563e-25
20.5 27.5 1.84979e-26
20.5 28 4.44131e-28
20.5 28.5 9.21289e-30
20.5 29 1.65112e-31
20.5 29.5 2.55657e-33
20.5 30 3.42006e-35
20.5 30.5 3.95283e-37
20.5 31 3.9471e-39
20.5 31.5 3.40523e-41
20.5 32 2.53812e-43
20.5 32.5 1.63446e-45
20.5 33 9.09357e-48
20.5 33.5 4.37111e-50
20.5 34 1.81529e-52
20.5 34.5 6.51323e-55
20.5 35 2.01904e-57

21 0 5.8207e-36
21 0.5 4.34527e-34
21 1 2.80257e-32
21 1.5 1.56168e-30
21 2 7.51841e-29
21 2.5 3.12721e-27
21 3 1.12379e-25
21 3.5 3.48907e-24
21 4 9.35906e-23
21 4.5 2.16896e-21
21 5 4.34278e-20
21 5.5 7.51246e-19
21 6 1.12278e-17
21 6.5 1.44978e-16
21 7 1.61736e-15
21 7.5 1.55887e-14
21 8 1.2981e-13
21 8.5 9.33913e-13
21 9 5.80498e-12
21 9.5 3.1174e-11
21 10 1.44637e-10
21 10.5 5.79785e-10
21 11 2.00794e-09
21 11.5 6.008e-09
21 12 1.55313e-08
21 12.5 3.46882e-08
21 13 6.69351e-08
21 13.5 1.11589e-07
21 14 1.60727e-07
21 14.5 2.0001e-07
21 15 2.15037e-07
21 15.5 1.99743e-07
21 16 1.60297e-07
21 16.5 1.11142e-07
21 17 6.65775e-08
21 17.5 3.44567e-08
21 18 1.5407e-08
21 18.5 5.95195e-09
21 19 1.98654e-09
21 19.5 5.72839e-10
21 20 1.42714e-10
21 20.5 3.07182e-11
21 21 5.71245e-12
21 21.5 9.17796e-13
21 22 1.27399e-13
21 22.5 1.52787e-14
21 23 1.58308e-15
21 23.5 1.41715e-16
21 24 1.09604e-17
21 24.5 7.32373e-19
21 25 4.22802e-20
21 25.5 2.10882e-21
21 26 9.08736e-23
21 26.5 3.38325e-24
21 27 1.08825e-25
21 27.5 3.02425e-27
21 28 7.26115e-29
21 28.5 1.50623e-30
21 29 2.69943e-32
21 29.5 4.17977e-34
21 30 5.5915e-36
21 30.5 6.46253e-38
21 31 6.45317e-40
21 31.5 5.56726e-42
21 32 4.14961e-44
21 32.5 2.6722e-46
21 33 1.48672e-48
21 33.5 7.14638e-51
21 34 2.96784e-53
21 34.5 1.06486e-55
21 35 3.30096e-58

21.5 0 8.30281e-37
21.5 0.5 6.19822e-35
21.5 1 3.99766e-33
21.5 1.5 2.22763e-31
21.5 2 1.07245e-29
21.5 2.5 4.46074e-28
21.5 3 1.603e-26
21.5 3.5 4.97691e-25
21.5 4 1.335e-23
21.5 4.5 3.09387e-22
21.5 5 6.19467e-21
21.5 5.5 1.0716e-19
21.5 6 1.60156e-18
21.5 6.5 2.068e-17
21.5 7 2.30705e-16
21.5 7.5 2.22362e-15
21.5 8 1.85165e-14
21.5 8.5 1.33216e-13
21.5 9 8.28039e-13
21.5 9.5 4.44675e-12
21.5 10 2.06315e-11
21.5 10.5 8.27021e-11
21.5 11 2.86418e-10
21.5 11.5 8.56998e-10
21.5 12 2.21543e-09
21.5 12.5 4.94803e-09
21.5 13 9.54781e-09
21.5 13.5 1.59174e-08
21.5 14 2.29266e-08
21.5 14.5 2.85301e-08
21.5 15 3.06735e-08
21.5 15.5 2.84919e-08
21.5 16 2.28653e-08
21.5 16.5 1.58536e-08
21.5 17 9.49681e-09
21.5 17.5 4.91501e-09
21.5 18 2.1977e-09
21.5 18.5 8.49003e-10
21.5 19 2.83366e-10
21.5 19.5 8.17114e-11
21.5 20 2.03571e-11
21.5 20.5 4.38172e-12
21.5 21 8.1484e-13
21.5 21.5 1.30917e-13
21.5 22 1.81726e-14
21.5 22.5 2.1794e-15
21.5 23 2.25815e-16
21.5 23.5 2.02146e-17
21.5 24 1.56342e-18
21.5 24.5 1.04468e-19
21.5 25 6.03097e-21
21.5 25.5 3.00808e-22
21.5 26 1.29625e-23
21.5 26.5 4.82596e-25
21.5 27 1.55231e-26
21.5 27.5 4.31388e-28
21.5 28 1.03575e-29
21.5 28.5 2.14853e-31
21.5 29 3.85055e-33
21.5 29.5 5.96214e-35
21.5 30 7.97588e-37
21.5 30.5 9.21833e-39
21.5 31 9.20499e-41
21.5 31.5 7.9413e-43
21.5 32 5.91912e-45
21.5 32.5 3.81171e-47
21.5 33 2.1207e-49
21.5 33.5 1.01938e-51
21.5 34 4.23341e-54
21.5 34.5 1.51894e-56
21.5 35 4.70858e-59

22 0 1.03331e-37
22 0.5 7.71388e-36
22 1 4.97521e-34
22 1.5 2.77235e-32
22 2 1.33469e-30
22 2.5 5.55152e-29
22 3 1.99499e-27
22 3.5 6.19391e-26
22 4 1.66145e-24
22 4.5 3.85041e-23
22 5 7.70945e-22
22 5.5 1.33364e-20
22 6 1.99319e-19
22 6.5 2.57369e-18
22 7 2.87119e-17
22 7.5 2.76736e-16
22 8 2.30444e-15
22 8.5 1.65791e-14
22 9 1.03052e-13
22 9.5 5.53411e-13
22 10 2.56765e-12
22 10.5 1.02925e-11
22 11 3.56455e-11
22 11.5 1.06656e-10
22 12 2.75717e-10
22 12.5 6.15797e-10
22 13 1.18825e-09
22 13.5 1.98097e-09
22 14 2.85328e-09
22 14.5 3.55065e-09
22 15 3.81741e-09
22 15.5 3.5459e-09
22 16 2.84565e-09
22 16.5 1.97303e-09
22 17 1.18191e-09
22 17.5 6.11688e-10
22 18 2.7351e-10
22 18.5 1.05661e-10
22 19 3.52657e-11
22 19.5 1.01692e-11
22 20 2.5335e-12
22 20.5 5.45319e-13
22 21 1.01409e-13
22 21.5 1.6293e-14
22 22 2.26164e-15
22 22.5 2.71232e-16
22 23 2.81033e-17
22 23.5 2.51577e-18
22 24 1.94572e-19
22 24.5 1.30013e-20
22 25 7.50572e-22
22 25.5 3.74364e-23
22 26 1.61322e-24
22 26.5 6.00606e-26
22 27 1.93189e-27
22 27.5 5.36875e-29
22 28 1.28902e-30
22 28.5 2.67391e-32
22 29 4.79212e-34
22 29.5 7.42006e-36
22 30 9.92622e-38
22 30.5 1.14725e-39
22 31 1.14559e-41
22 31.5 9.88318e-44
22 32 7.36652e-46
22 32.5 4.74378e-48
22 33 2.63927e-50
22 33.5 1.26865e-52
22 34 5.2686e-55
22 34.5 1.89037e-57
22 35 5.85997e-60

22.5 0 1.122e-38
22.5 0.5 8.37594e-37
22.5 1 5.40222e-35
22.5 1.5 3.01029e-33
22.5 2 1.44925e-31
22.5 2.5 6.028e-30
22.5 3 2.16621e-28
22.5 3.5 6.72552e-27
22.5 4 1.80405e-25
22.5 4.5 4.18088e-24
22.5 5 8.37113e-23
22.5 5.5 1.4481e-21
22.5 6 2.16426e-20
22.5 6.5 2.79459e-19
22.5 7 3.11762e-18
22.5 7.5 3.00487e-17
22.5 8 2.50222e-16
22.5 8.5 1.80021e-15
22.5 9 1.11897e-14
22.5 9.5 6.00908e-14
22.5 10 2.78803e-13
22.5 10.5 1.11759e-12
22.5 11 3.87049e-12
22.5 11.5 1.1581e-11
22.5 12 2.99381e-11
22.5 12.5 6.68649e-11
22.5 13 1.29024e-10
22.5 13.5 2.15099e-10
22.5 14 3.09817e-10
22.5 14.5 3.85539e-10
22.5 15 4.14505e-10
22.5 15.5 3.85023e-10
22.5 16 3.08988e-10
22.5 16.5 2.14237e-10
22.5 17 1.28335e-10
22.5 17.5 6.64187e-11
22.5 18 2.96985e-11
22.5 18.5 1.1473e-11
22.5 19 3.82925e-12
22.5 19.5 1.1042e-12
22.5 20 2.75094e-13
22.5 20.5 5.92122e-14
22.5 21 1.10113e-14
22.5 21.5 1.76914e-15
22.5 22 2.45575e-16
22.5 22.5 2.94512e-17
22.5 23 3.05153e-18
22.5 23.5 2.73169e-19
22.5 24 2.11272e-20
22.5 24.5 1.41172e-21
22.5 25 8.14992e-23
22.5 25.5 4.06495e-24
22.5 26 1.75168e-25
22.5 26.5 6.52154e-27
22.5 27 2.0977e-28
22.5 27.5 5.82954e-30
22.5 28 1.39966e-31
22.5 28.5 2.9034e-33
22.5 29 5.20342e-35
22.5 29.5 8.0569e-37
22.5 30 1.07782e-38
22.5 30.5 1.24571e-40
22.5 31 1.24391e-42
22.5 31.5 1.07314e-44
22.5 32 7.99876e-47
22.5 32.5 5.15093e-49
22.5 33 2.86579e-51
22.5 33.5 1.37753e-53
22.5 34 5.72079e-56
22.5 34.5 2.05261e-58
22.5 35 6.36291e-61

23 0 1.06294e-39
23 0.5 7.93504e-38
23 1 5.11786e-36
23 1.5 2.85184e-34
23 2 1.37296e-32
23 2.5 5.71069e-31
23 3 2.05219e-29
23 3.5 6.3715e-28
23 4 1.70909e-26
23 4.5 3.96081e-25
23 5 7.9305e-24
23 5.5 1.37187e-22
23 6 2.05034e-21
23 6.5 2.64749e-20
23 7 2.95351e-19
23 7.5 2.8467e-18
23 8 2.37051e-17
23 8.5 1.70545e-16
23 9 1.06007e-15
23 9.5 5.69278e-15
23 10 2.64127e-14
23 10.5 1.05876e-13
23 11 3.66675e-13
23 11.5 1.09714e-12
23 12 2.83622e-12
23 12.5 6.33453e-12
23 13 1.22232e-11
23 13.5 2.03777e-11
23 14 2.93509e-11
23 14.5 3.65245e-11
23 15 3.92686e-11
23 15.5 3.64757e-11
23 16 2.92724e-11
23 16.5 2.0296e-11
23 17 1.21579e-11
23 17.5 6.29226e-12
23 18 2.81352e-12
23 18.5 1.0869e-12
23 19 3.62768e-13
23 19.5 1.04608e-13
23 20 2.60614e-14
23 20.5 5.60954e-15
23 21 1.04317e-15
23 21.5 1.67602e-16
23 22 2.32648e-17
23 22.5 2.79009e-18
23 23 2.89091e-19
23 23.5 2.5879e-20
23 24 2.00151e-21
23 24.5 1.33741e-22
23 25 7.72092e-24
23 25.5 3.85098e-25
23 26 1.65947e-26
23 26.5 6.17826e-28
23 27 1.98728e-29
23 27.5 5.52268e-31
23 28 1.32598e-32
23 28.5 2.75057e-34
23 29 4.92952e-36
23 29.5 7.63281e-38
23 30 1.02108e-39
23 30.5 1.18014e-41
23 31 1.17843e-43
23 31.5 1.01665e-45
23 32 7.57773e-48
23 32.5 4.87979e-50
23 33 2.71495e-52
23 33.5 1.30502e-54
23 34 5.41966e-57
23 34.5 1.94457e-59
23 35 6.02798e-62

23.5 0 8.78575e-41
23.5 0.5 6.55875e-39
23.5 1 4.23019e-37
23.5 1.5 2.3572e-35
23.5 2 1.13483e-33
23.5 2.5 4.7202e-32
23.5 3 1.69624e-30
23.5 3.5 5.26639e-29
23.5 4 1.41265e-27
23.5 4.5 3.27382e-26
23.5 5 6.55499e-25
23.5 5.5 1.13393e-23
23.5 6 1.69472e-22
23.5 6.5 2.18829e-21
23.5 7 2.44124e-20
23.5 7.5 2.35295e-19
23.5 8 1.95935e-18
23.5 8.5 1.40965e-17
23.5 9 8.76202e-17
23.5 9.5 4.70539e-16
23.5 10 2.18315e-15
23.5 10.5 8.75125e-15
23.5 11 3.03077e-14
23.5 11.5 9.06846e-14
23.5 12 2.34429e-13
23.5 12.5 5.23583e-13
23.5 13 1.01032e-12
23.5 13.5 1.68433e-12
23.5 14 2.42601e-12
23.5 14.5 3.01895e-12
23.5 15 3.24576e-12
23.5 15.5 3.01491e-12
23.5 16 2.41952e-12
23.5 16.5 1.67757e-12
23.5 17 1.00492e-12
23.5 17.5 5.20089e-13
23.5 18 2.32553e-13
23.5 18.5 8.98385e-14
23.5 19 2.99848e-14
23.5 19.5 8.64642e-15
23.5 20 2.15411e-15
23.5 20.5 4.63659e-16
23.5 21 8.62235e-17
23.5 21.5 1.38532e-17
23.5 22 1.92296e-18
23.5 22.5 2.30616e-19
23.5 23 2.38949e-20
23.5 23.5 2.13904e-21
23.5 24 1.65435e-22
23.5 24.5 1.10544e-23
23.5 25 6.38176e-25
23.5 25.5 3.18304e-26
23.5 26 1.37164e-27
23.5 26.5 5.10667e-29
23.5 27 1.6426e-30
23.5 27.5 4.5648e-32
23.5 28 1.096e-33
23.5 28.5 2.2735e-35
23.5 29 4.07452e-37
23.5 29.5 6.30893e-39
23.5 30 8.4398e-41
23.5 30.5 9.75452e-43
23.5 31 9.7404e-45
23.5 31.5 8.40321e-47
23.5 32 6.2634e-49
23.5 32.5 4.03341e-51
23.5 33 2.24405e-53
23.5 33.5 1.07867e-55
23.5 34 4.47964e-58
23.5 34.5 1.60729e-60
23.5 35 4.98246e-63

24 0 6.33586e-42
24 0.5 4.72985e-40
24 1 3.05061e-38
24 1.5 1.6999e-36
24 2 8.18383e-35
24 2.5 3.40398e-33
24 3 1.22325e-31
24 3.5 3.79787e-30
24 4 1.01874e-28
24 4.5 2.36092e-27
24 5 4.72714e-26
24 5.5 8.17735e-25
24 6 1.22215e-23
24 6.5 1.57809e-22
24 7 1.7605e-21
24 7.5 1.69684e-20
24 8 1.41299e-19
24 8.5 1.01657e-18
24 9 6.31875e-18
24 9.5 3.3933e-17
24 10 1.57439e-16
24 10.5 6.31098e-16
24 11 2.18565e-15
24 11.5 6.53974e-15
24 12 1.69059e-14
24 12.5 3.77583e-14
24 13 7.28592e-14
24 13.5 1.21466e-13
24 14 1.74952e-13
24 14.5 2.17712e-13
24 15 2.34069e-13
24 15.5 2.17421e-13
24 16 1.74484e-13
24 16.5 1.20979e-13
24 17 7.24699e-14
24 17.5 3.75063e-14
24 18 1.67706e-14
24 18.5 6.47872e-15
24 19 2.16236e-15
24 19.5 6.23538e-16
24 20 1.55344e-16
24 20.5 3.34368e-17
24 21 6.21802e-18
24 21.5 9.99025e-19
24 22 1.38675e-19
24 22.5 1.66309e-20
24 23 1.72319e-21
24 23.5 1.54257e-22
24 24 1.19304e-23
24 24.5 7.97192e-25
24 25 4.60222e-26
24 25.5 2.29546e-27
24 26 9.89164e-29
24 26.5 3.68268e-30
24 27 1.18456e-31
24 27.5 3.29191e-33
24 28 7.9038e-35
24 28.5 1.63954e-36
24 29 2.93835e-38
24 29.5 4.5497e-40
24 30 6.08638e-42
24 30.5 7.03449e-44
24 31 7.02431e-46
24 31.5 6.05999e-48
24 32 4.51686e-50
24 32.5 2.9087e-52
24 33 1.6183e-54
24 33.5 7.77886e-57
24 34 3.2305e-59
24 34.5 1.1591e-61
24 35 3.59311e-64

24.5 0 3.98646e-43
24.5 0.5 2.97598e-41
24.5 1 1.91941e-39
24.5 1.5 1.06956e-37
24.5 2 5.14918e-36
24.5 2.5 2.14175e-34
24.5 3 7.69657e-33
24.5 3.5 2.38958e-31
24.5 4 6.4098e-30
24.5 4.5 1.48547e-28
24.5 5 2.97427e-27
24.5 5.5 5.14511e-26
24.5 6 7.68963e-25
24.5 6.5 9.92919e-24
24.5 7 1.10769e-22
24.5 7.5 1.06763e-21
24.5 8 8.89041e-21
24.5 8.5 6.39615e-20
24.5 9 3.9757e-19
24.5 9.5 2.13503e-18
24.5 10 9.90588e-18
24.5 10.5 3.97081e-17
24.5 11 1.37519e-16
24.5 11.5 4.11474e-16
24.5 12 1.0637e-15
24.5 12.5 2.37572e-15
24.5 13 4.58423e-15
24.5 13.5 7.6425e-15
24.5 14 1.10078e-14
24.5 14.5 1.36982e-14
24.5 15 1.47274e-14
24.5 15.5 1.36799e-14
24.5 16 1.09784e-14
24.5 16.5 7.61186e-15
24.5 17 4.55974e-15
24.5 17.5 2.35986e-15
24.5 18 1.05519e-15
24.5 18.5 4.07635e-16
24.5 19 1.36053e-16
24.5 19.5 3.92324e-17
24.5 20 9.77412e-18
24.5 20.5 2.10381e-18
24.5 21 3.91232e-19
24.5 21.5 6.28577e-20
24.5 22 8.72529e-21
24.5 22.5 1.0464e-21
24.5 23 1.08421e-22
24.5 23.5 9.70571e-24
24.5 24 7.5065e-25
24.5 24.5 5.01585e-26
24.5 25 2.89567e-27
24.5 25.5 1.44428e-28
24.5 26 6.22372e-30
24.5 26.5 2.31711e-31
24.5 27 7.45315e-33
24.5 27.5 2.07124e-34
24.5 28 4.97299e-36
24.5 28.5 1.03158e-37
24.5 29 1.84878e-39
24.5 29.5 2.86262e-41
24.5 30 3.82949e-43
24.5 30.5 4.42603e-45
24.5 31 4.41963e-47
24.5 31.5 3.81289e-49
24.5 32 2.84197e-51
24.5 32.5 1.83013e-53
24.5 33 1.01822e-55
24.5 33.5 4.89439e-58
24.5 34 2.0326e-60
24.5 34.5 7.29296e-63
24.5 35 2.26075e-65

25 0 2.18839e-44
25 0.5 1.63368e-42
25 1 1.05367e-40
25 1.5 5.87141e-39
25 2 2.82668e-37
25 2.5 1.17573e-35
25 3 4.22508e-34
25 3.5 1.31178e-32
25 4 3.5187e-31
25 4.5 8.15457e-30
25 5 1.63274e-28
25 5.5 2.82444e-27
25 6 4.22127e-26
25 6.5 5.45069e-25
25 7 6.08074e-24
25 7.5 5.86083e-23
25 8 4.88044e-22
25 8.5 3.51121e-21
25 9 2.18248e-20
25 9.5 1.17204e-19
25 10 5.43789e-19
25 10.5 2.1798e-18
25 11 7.54918e-18
25 11.5 2.25881e-17
25 12 5.83925e-17
25 12.5 1.30416e-16
25 13 2.51654e-16
25 13.5 4.19539e-16
25 14 6.04281e-16
25 14.5 7.51973e-16
25 15 8.08468e-16
25 15.5 7.50967e-16
25 16 6.02665e-16
25 16.5 4.17857e-16
25 17 2.5031e-16
25 17.5 1.29546e-16
25 18 5.79252e-17
25 18.5 2.23774e-17
25 19 7.46874e-18
25 19.5 2.15369e-18
25 20 5.36556e-19
25 20.5 1.1549e-19
25 21 2.14769e-20
25 21.5 3.45061e-21
25 22 4.7898e-22
25 22.5 5.74429e-23
25 23 5.95185e-24
25 23.5 5.32801e-25
25 24 4.12074e-26
25 24.5 2.75348e-27
25 25 1.5896e-28
25 25.5 7.92846e-30
25 26 3.41655e-31
25 26.5 1.27199e-32
25 27 4.09145e-34
25 27.5 1.13702e-35
25 28 2.72995e-37
25 28.5 5.66292e-39
25 29 1.0149e-40
25 29.5 1.57145e-42
25 30 2.10222e-44
25 30.5 2.4297e-46
25 31 2.42618e-48
25 31.5 2.09311e-50
25 32 1.56011e-52
25 32.5 1.00466e-54
25 33 5.58957e-57
25 33.5 2.6868e-59
25 34 1.11581e-61
25 34.5 4.00351e-64
25 35 1.24105e-66

25.5 0 1.04814e-45
25.5 0.5 7.82456e-44
25.5 1 5.0466e-42
25.5 1.5 2.81213e-40
25.5 2 1.35384e-38
25.5 2.5 5.63118e-37
25.5 3 2.02361e-35
25.5 3.5 6.28279e-34
25.5 4 1.68529e-32
25.5 4.5 3.90566e-31
25.5 5 7.82007e-30
25.5 5.5 1.35277e-28
25.5 6 2.02179e-27
25.5 6.5 2.61062e-26
25.5 7 2.91239e-25
25.5 7.5 2.80706e-24
25.5 8 2.3375e-23
25.5 8.5 1.6817e-22
25.5 9 1.04531e-21
25.5 9.5 5.61351e-21
25.5 10 2.60449e-20
25.5 10.5 1.04402e-19
25.5 11 3.6157e-19
25.5 11.5 1.08186e-18
25.5 12 2.79673e-18
25.5 12.5 6.24633e-18
25.5 13 1.2053e-17
25.5 13.5 2.0094e-17
25.5 14 2.89422e-17
25.5 14.5 3.6016e-17
25.5 15 3.87218e-17
25.5 15.5 3.59678e-17
25.5 16 2.88648e-17
25.5 16.5 2.00134e-17
25.5 17 1.19886e-17
25.5 17.5 6.20464e-18
25.5 18 2.77435e-18
25.5 18.5 1.07177e-18
25.5 19 3.57717e-19
25.5 19.5 1.03151e-19
25.5 20 2.56985e-20
25.5 20.5 5.53143e-21
25.5 21 1.02864e-21
25.5 21.5 1.65268e-22
25.5 22 2.29409e-23
25.5 22.5 2.75124e-24
25.5 23 2.85065e-25
25.5 23.5 2.55186e-26
25.5 24 1.97364e-27
25.5 24.5 1.31879e-28
25.5 25 7.61342e-30
25.5 25.5 3.79736e-31
25.5 26 1.63637e-32
25.5 26.5 6.09223e-34
25.5 27 1.95961e-35
25.5 27.5 5.44578e-37
25.5 28 1.30752e-38
25.5 28.5 2.71227e-40
25.5 29 4.86088e-42
25.5 29.5 7.52653e-44
25.5 30 1.00686e-45
25.5 30.5 1.16371e-47
25.5 31 1.16203e-49
25.5 31.5 1.0025e-51
25.5 32 7.47221e-54
25.5 32.5 4.81185e-56
25.5 33 2.67714e-58
25.5 33.5 1.28685e-60
25.5 34 5.3442e-63
25.5 34.5 1.91749e-65
25.5 35 5.94405e-68

26 0 4.37992e-47
26 0.5 3.2697e-45
26 1 2.10886e-43
26 1.5 1.17512e-41
26 2 5.6574e-40
26 2.5 2.35314e-38
26 3 8.4562e-37
26 3.5 2.62543e-35
26 4 7.04243e-34
26 4.5 1.63208e-32
26 5 3.26783e-31
26 5.5 5.65292e-30
26 6 8.44858e-29
26 6.5 1.09092e-27
26 7 1.21702e-26
26 7.5 1.17301e-25
26 8 9.76787e-25
26 8.5 7.02744e-24
26 9 4.36809e-23
26 9.5 2.34576e-22
26 10 1.08836e-21
26 10.5 4.36272e-21
26 11 1.51092e-20
26 11.5 4.52086e-20
26 12 1.16869e-19
26 12.5 2.61019e-19
26 13 5.03668e-19
26 13.5 8.3968e-19
26 14 1.20943e-18
26 14.5 1.50502e-18
26 15 1.61809e-18
26 15.5 1.50301e-18
26 16 1.20619e-18
26 16.5 8.36313e-19
26 17 5.00978e-19
26 17.5 2.59278e-19
26 18 1.15933e-19
26 18.5 4.47868e-20
26 19 1.49482e-20
26 19.5 4.31046e-21
26 20 1.07388e-21
26 20.5 2.31146e-22
26 21 4.29846e-23
26 21.5 6.90616e-24
26 22 9.58646e-25
26 22.5 1.14968e-25
26 23 1.19122e-26
26 23.5 1.06636e-27
26 24 8.24738e-29
26 24.5 5.51091e-30
26 25 3.18147e-31
26 25.5 1.58683e-32
26 26 6.83799e-34
26 26.5 2.5458e-35
26 27 8.18876e-37
26 27.5 2.27567e-38
26 28 5.46382e-40
26 28.5 1.13339e-41
26 29 2.03125e-43
26 29.5 3.14516e-45
26 30 4.20745e-47
26 30.5 4.86287e-49
26 31 4.85584e-51
26 31.5 4.18921e-53
26 32 3.12246e-55
26 32.5 2.01076e-57
26 33 1.11872e-59
26 33.5 5.37745e-62
26 34 2.23322e-64
26 34.5 8.01276e-67
26 35 2.48388e-69

26.5 0 1.59687e-48
26.5 0.5 1.1921e-46
26.5 1 7.68866e-45
26.5 1.5 4.28437e-43
26.5 2 2.06262e-41
26.5 2.5 8.57928e-40
26.5 3 3.08304e-38
26.5 3.5 9.57203e-37
26.5 4 2.56759e-35
26.5 4.5 5.95039e-34
26.5 5 1.19141e-32
26.5 5.5 2.06099e-31
26.5 6 3.08026e-30
26.5 6.5 3.97737e-29
26.5 7 4.43712e-28
26.5 7.5 4.27665e-27
26.5 8 3.56126e-26
26.5 8.5 2.56213e-25
26.5 9 1.59256e-24
26.5 9.5 8.55237e-24
26.5 10 3.96803e-23
26.5 10.5 1.5906e-22
26.5 11 5.50863e-22
26.5 11.5 1.64825e-21
26.5 12 4.2609e-21
26.5 12.5 9.51648e-21
26.5 13 1.83632e-20
26.5 13.5 3.06138e-20
26.5 14 4.40944e-20
26.5 14.5 5.48715e-20
26.5 15 5.89939e-20
26.5 15.5 5.47981e-20
26.5 16 4.39764e-20
26.5 16.5 3.0491e-20
26.5 17 1.82651e-20
26.5 17.5 9.45297e-21
26.5 18 4.2268e-21
26.5 18.5 1.63288e-21
26.5 19 5.44994e-22
26.5 19.5 1.57154e-22
26.5 20 3.91525e-23
26.5 20.5 8.42731e-24
26.5 21 1.56717e-24
26.5 21.5 2.51791e-25
26.5 22 3.49512e-26
26.5 22.5 4.1916e-27
26.5 23 4.34306e-28
26.5 23.5 3.88785e-29
26.5 24 3.0069e-30
26.5 24.5 2.00922e-31
26.5 25 1.15993e-32
26.5 25.5 5.78539e-34
26.5 26 2.49306e-35
26.5 26.5 9.28171e-37
26.5 27 2.98553e-38
26.5 27.5 8.29683e-40
26.5 28 1.99205e-41
26.5 28.5 4.13223e-43
26.5 29 7.40571e-45
26.5 29.5 1.14669e-46
26.5 30 1.53399e-48
26.5 30.5 1.77295e-50
26.5 31 1.77038e-52
26.5 31.5 1.52734e-54
26.5 32 1.13842e-56
26.5 32.5 7.331e-59
26.5 33 4.07871e-61
26.5 33.5 1.96056e-63
26.5 34 8.14206e-66
26.5 34.5 2.92136e-68
26.5 35 9.05595e-71

27 0 5.07958e-50
27 0.5 3.79202e-48
27 1 2.44573e-46
27 1.5 1.36284e-44
27 2 6.56114e-43
27 2.5 2.72904e-41
27 3 9.80703e-40
27 3.5 3.04483e-38
27 4 8.16742e-37
27 4.5 1.8928e-35
27 5 3.78984e-34
27 5.5 6.55594e-33
27 6 9.79819e-32
27 6.5 1.26519e-30
27 7 1.41143e-29
27 7.5 1.36039e-28
27 8 1.13282e-27
27 8.5 8.15003e-27
27 9 5.06587e-26
27 9.5 2.72048e-25
27 10 1.26222e-24
27 10.5 5.05964e-24
27 11 1.75228e-23
27 11.5 5.24304e-23
27 12 1.35538e-22
27 12.5 3.02716e-22
27 13 5.84126e-22
27 13.5 9.73814e-22
27 14 1.40263e-21
27 14.5 1.74544e-21
27 15 1.87658e-21
27 15.5 1.74311e-21
27 16 1.39888e-21
27 16.5 9.69909e-22
27 17 5.81006e-22
27 17.5 3.00696e-22
27 18 1.34453e-22
27 18.5 5.19412e-23
27 19 1.73361e-23
27 19.5 4.99903e-24
27 20 1.24543e-24
27 20.5 2.6807e-25
27 21 4.98511e-26
27 21.5 8.00938e-27
27 22 1.11178e-27
27 22.5 1.33333e-28
27 23 1.38151e-29
27 23.5 1.23671e-30
27 24 9.56485e-32
27 24.5 6.39124e-33
27 25 3.68969e-34
27 25.5 1.84031e-35
27 26 7.93032e-37
27 26.5 2.95248e-38
27 27 9.49686e-40
27 27.5 2.63919e-41
27 28 6.33663e-43
27 28.5 1.31445e-44
27 29 2.35573e-46
27 29.5 3.64758e-48
27 30 4.87957e-50
27 30.5 5.63969e-52
27 31 5.63153e-54
27 31.5 4.85841e-56
27 32 3.62126e-58
27 32.5 2.33197e-60
27 33 1.29742e-62
27 33.5 6.23647e-65
27 34 2.58996e-67
27 34.5 9.29275e-70
27 35 2.88066e-72

27.5 0 1.40975e-51
27.5 0.5 1.05241e-49
27.5 1 6.78771e-48
27.5 1.5 3.78233e-46
27.5 2 1.82093e-44
27.5 2.5 7.57397e-43
27.5 3 2.72177e-41
27.5 3.5 8.45039e-40
27.5 4 2.26673e-38
27.5 4.5 5.25313e-37
27.5 5 1.0518e-35
27.5 5.5 1.81949e-34
27.5 6 2.71932e-33
27.5 6.5 3.5113e-32
27.5 7 3.91718e-31
27.5 7.5 3.77552e-30
27.5 8 3.14396e-29
27.5 8.5 2.2619e-28
27.5 9 1.40594e-27
27.5 9.5 7.55021e-27
27.5 10 3.50306e-26
27.5 10.5 1.40422e-25
27.5 11 4.86314e-25
27.5 11.5 1.45511e-24
27.5 12 3.76162e-24
27.5 12.5 8.40135e-24
27.5 13 1.62114e-23
27.5 13.5 2.70265e-23
27.5 14 3.89275e-23
27.5 14.5 4.84417e-23
27.5 15 5.20811e-23
27.5 15.5 4.83769e-23
27.5 16 3.88234e-23
27.5 16.5 2.69182e-23
27.5 17 1.61248e-23
27.5 17.5 8.34529e-24
27.5 18 3.73151e-24
27.5 18.5 1.44154e-24
27.5 19 4.81132e-25
27.5 19.5 1.38739e-25
27.5 20 3.45647e-26
27.5 20.5 7.43981e-27
27.5 21 1.38353e-27
27.5 21.5 2.22287e-28
27.5 22 3.08556e-29
27.5 22.5 3.70044e-30
27.5 23 3.83415e-31
27.5 23.5 3.43227e-32
27.5 24 2.65456e-33
27.5 24.5 1.77378e-34
27.5 25 1.02401e-35
27.5 25.5 5.10747e-37
27.5 26 2.20092e-38
27.5 26.5 8.19409e-40
27.5 27 2.63569e-41
27.5 27.5 7.32462e-43
27.5 28 1.75862e-44
27.5 28.5 3.64802e-46
27.5 29 6.53792e-48
27.5 29.5 1.01232e-49
27.5 30 1.35424e-51
27.5 30.5 1.5652e-53
27.5 31 1.56293e-55
27.5 31.5 1.34837e-57
27.5 32 1.00502e-59
27.5 32.5 6.47197e-62
27.5 33 3.60078e-64
27.5 33.5 1.73082e-66
27.5 34 7.18798e-69
27.5 34.5 2.57904e-71
27.5 35 7.99479e-74

28 0 3.41359e-53
28 0.5 2.54832e-51
28 1 1.64359e-49
28 1.5 9.1586e-48
28 2 4.40923e-46
28 2.5 1.83397e-44
28 3 6.59054e-43
28 3.5 2.04619e-41
28 4 5.48869e-40
28 4.5 1.272e-38
28 5 2.54686e-37
28 5.5 4.40574e-36
28 6 6.5846e-35
28 6.5 8.50233e-34
28 7 9.48513e-33
28 7.5 9.1421e-32
28 8 7.61283e-31
28 8.5 5.477e-30
28 9 3.40437e-29
28 9.5 1.82822e-28
28 10 8.48237e-28
28 10.5 3.40019e-27
28 11 1.17757e-26
28 11.5 3.52344e-26
28 12 9.10844e-26
28 12.5 2.03432e-25
28 13 3.92546e-25
28 13.5 6.54424e-25
28 14 9.42596e-25
28 14.5 1.17298e-24
28 15 1.2611e-24
28 15.5 1.17141e-24
28 16 9.40075e-25
28 16.5 6.51801e-25
28 17 3.90449e-25
28 17.5 2.02074e-25
28 18 9.03555e-26
28 18.5 3.49056e-26
28 19 1.16502e-26
28 19.5 3.35946e-27
28 20 8.36954e-28
28 20.5 1.80149e-28
28 21 3.35011e-29
28 21.5 5.38248e-30
28 22 7.47144e-31
28 22.5 8.9603e-32
28 23 9.28407e-33
28 23.5 8.31097e-34
28 24 6.42779e-35
28 24.5 4.29506e-36
28 25 2.47955e-37
28 25.5 1.23673e-38
28 26 5.32935e-40
28 26.5 1.98413e-41
28 27 6.3821e-43
28 27.5 1.77359e-44
28 28 4.25836e-46
28 28.5 8.83338e-48
28 29 1.5831e-49
28 29.5 2.45126e-51
28 30 3.27918e-53
28 30.5 3.79e-55
28 31 3.78451e-57
28 31.5 3.26496e-59
28 32 2.43357e-61
28 32.5 1.56713e-63
28 33 8.71898e-66
28 33.5 4.19105e-68
28 34 1.74051e-70
28 34.5 6.24493e-73
28 35 1.93587e-75

28.5 0 7.21168e-55
28.5 0.5 5.38367e-53
28.5 1 3.4723e-51
28.5 1.5 1.93488e-49
28.5 2 9.3151e-48
28.5 2.5 3.87452e-46
28.5 3 1.39234e-44
28.5 3.5 4.32286e-43
28.5 4 1.15956e-41
28.5 4.5 2.68728e-40
28.5 5 5.38059e-39
28.5 5.5 9.30772e-38
28.5 6 1.39109e-36
28.5 6.5 1.79623e-35
28.5 7 2.00386e-34
28.5 7.5 1.93139e-33
28.5 8 1.60831e-32
28.5 8.5 1.15709e-31
28.5 9 7.1922e-31
28.5 9.5 3.86237e-30
28.5 10 1.79202e-29
28.5 10.5 7.18337e-29
28.5 11 2.48777e-28
28.5 11.5 7.44374e-28
28.5 12 1.92428e-27
28.5 12.5 4.29777e-27
28.5 13 8.29307e-27
28.5 13.5 1.38256e-26
28.5 14 1.99136e-26
28.5 14.5 2.47807e-26
28.5 15 2.66425e-26
28.5 15.5 2.47476e-26
28.5 16 1.98604e-26
28.5 16.5 1.37702e-26
28.5 17 8.24877e-27
28.5 17.5 4.26909e-27
28.5 18 1.90888e-27
28.5 18.5 7.37429e-28
28.5 19 2.46127e-28
28.5 19.5 7.09731e-29
28.5 20 1.76818e-29
28.5 20.5 3.80589e-30
28.5 21 7.07756e-31
28.5 21.5 1.13712e-31
28.5 22 1.57844e-32
28.5 22.5 1.89299e-33
28.5 23 1.96139e-34
28.5 23.5 1.7558e-35
28.5 24 1.35796e-36
28.5 24.5 9.0739e-38
28.5 25 5.2384e-39
28.5 25.5 2.61276e-40
28.5 26 1.1259e-41
28.5 26.5 4.19175e-43
28.5 27 1.34831e-44
28.5 27.5 3.74696e-46
28.5 28 8.99636e-48
28.5 28.5 1.86617e-49
28.5 29 3.34452e-51
28.5 29.5 5.17861e-53
28.5 30 6.92771e-55
28.5 30.5 8.00689e-57
28.5 31 7.9953e-59
28.5 31.5 6.89767e-61
28.5 32 5.14124e-63
28.5 32.5 3.31078e-65
28.5 33 1.842e-67
28.5 33.5 8.85416e-70
28.5 34 3.67707e-72
28.5 34.5 1.31933e-74
28.5 35 4.08979e-77

29 0 1.32928e-56
29 0.5 9.92336e-55
29 1 6.40026e-53
29 1.5 3.56643e-51
29 2 1.71699e-49
29 2.5 7.14165e-48
29 3 2.56641e-46
29 3.5 7.96804e-45
29 4 2.13734e-43
29 4.5 4.95328e-42
29 5 9.91767e-41
29 5.5 1.71563e-39
29 6 2.5641e-38
29 6.5 3.31088e-37
29 7 3.69359e-36
29 7.5 3.56001e-35
29 8 2.9645e-34
29 8.5 2.13279e-33
29 9 1.32569e-32
29 9.5 7.11924e-32
29 10 3.3031e-31
29 10.5 1.32406e-30
29 11 4.58555e-30
29 11.5 1.37205e-29
29 12 3.5469e-29
29 12.5 7.92179e-29
29 13 1.52861e-28
29 13.5 2.54838e-28
29 14 3.67055e-28
29 14.5 4.56766e-28
29 15 4.91083e-28
29 15.5 4.56155e-28
29 16 3.66073e-28
29 16.5 2.53816e-28
29 17 1.52044e-28
29 17.5 7.86893e-29
29 18 3.51852e-29
29 18.5 1.35925e-29
29 19 4.53669e-30
29 19.5 1.3082e-30
29 20 3.25917e-31
29 20.5 7.01514e-32
29 21 1.30456e-32
29 21.5 2.09598e-33
29 22 2.90944e-34
29 22.5 3.48921e-35
29 23 3.61529e-36
29 23.5 3.23636e-37
29 24 2.50303e-38
29 24.5 1.67253e-39
29 25 9.65558e-41
29 25.5 4.81593e-42
29 26 2.07529e-43
29 26.5 7.72637e-45
29 27 2.48524e-46
29 27.5 6.90652e-48
29 28 1.65824e-49
29 28.5 3.43979e-51
29 29 6.16473e-53
29 29.5 9.54539e-55
29 30 1.27694e-56
29 30.5 1.47586e-58
29 31 1.47372e-60
29 31.5 1.2714e-62
29 32 9.47651e-65
29 32.5 6.10254e-67
29 33 3.39524e-69
29 33.5 1.63203e-71
29 34 6.77769e-74
29 34.5 2.43183e-76
29 35 7.53844e-79

29.5 0 2.13773e-58
29.5 0.5 1.59586e-56
29.5 1 1.02928e-54
29.5 1.5 5.73548e-53
29.5 2 2.76123e-51
29.5 2.5 1.14851e-49
29.5 3 4.12726e-48
29.5 3.5 1.28141e-46
29.5 4 3.43723e-45
29.5 4.5 7.96578e-44
29.5 5 1.59494e-42
29.5 5.5 2.75905e-41
29.5 6 4.12354e-40
29.5 6.5 5.32449e-39
29.5 7 5.93996e-38
29.5 7.5 5.72515e-37
29.5 8 4.76745e-36
29.5 8.5 3.42992e-35
29.5 9 2.13195e-34
29.5 9.5 1.1449e-33
29.5 10 5.312e-33
29.5 10.5 2.12933e-32
29.5 11 7.3744e-32
29.5 11.5 2.20652e-31
29.5 12 5.70406e-31
29.5 12.5 1.27397e-30
29.5 13 2.45828e-30
29.5 13.5 4.09826e-30
29.5 14 5.90291e-30
29.5 14.5 7.34564e-30
29.5 15 7.89751e-30
29.5 15.5 7.33581e-30
29.5 16 5.88712e-30
29.5 16.5 4.08183e-30
29.5 17 2.44515e-30
29.5 17.5 1.26547e-30
29.5 18 5.65842e-31
29.5 18.5 2.18593e-31
29.5 19 7.29582e-32
29.5 19.5 2.10383e-32
29.5 20 5.24134e-33
29.5 20.5 1.12816e-33
29.5 21 2.09797e-34
29.5 21.5 3.37072e-35
29.5 22 4.67891e-36
29.5 22.5 5.6113e-37
29.5 23 5.81405e-38
29.5 23.5 5.20465e-39
29.5 24 4.02534e-40
29.5 24.5 2.68973e-41
29.5 25 1.55279e-42
29.5 25.5 7.7449e-44
29.5 26 3.33745e-45
29.5 26.5 1.24254e-46
29.5 27 3.99673e-48
29.5 27.5 1.1107e-49
29.5 28 2.66675e-51
29.5 28.5 5.53181e-53
29.5 29 9.91402e-55
29.5 29.5 1.53507e-56
29.5 30 2.05355e-58
29.5 30.5 2.37345e-60
29.5 31 2.37001e-62
29.5 31.5 2.04465e-64
29.5 32 1.524e-66
29.5 32.5 9.814e-69
29.5 33 5.46017e-71
29.5 33.5 2.6246e-73
29.5 34 1.08998e-75
29.5 34.5 3.91082e-78
29.5 35 1.21232e-80

30 0 2.99946e-60
30 0.5 2.23916e-58
30 1 1.44419e-56
30 1.5 8.04749e-55
30 2 3.87431e-53
30 2.5 1.61148e-51
30 3 5.79099e-50
30 3.5 1.79795e-48
30 4 4.82281e-47
30 4.5 1.11768e-45
30 5 2.23788e-44
30 5.5 3.87124e-43
30 6 5.78577e-42
30 6.5 7.47084e-41
30 7 8.33441e-40
30 7.5 8.03299e-39
30 8 6.68925e-38
30 8.5 4.81254e-37
30 9 2.99136e-36
30 9.5 1.60642e-35
30 10 7.4533e-35
30 10.5 2.98768e-34
30 11 1.03471e-33
30 11.5 3.09598e-33
30 12 8.00341e-33
30 12.5 1.78752e-32
30 13 3.44923e-32
30 13.5 5.7503e-32
30 14 8.28241e-32
30 14.5 1.03067e-31
30 15 1.10811e-31
30 15.5 1.02929e-31
30 16 8.26026e-32
30 16.5 5.72725e-32
30 17 3.4308e-32
30 17.5 1.77559e-32
30 18 7.93937e-33
30 18.5 3.06709e-33
30 19 1.02368e-33
30 19.5 2.95189e-34
30 20 7.35416e-35
30 20.5 1.58293e-35
30 21 2.94368e-36
30 21.5 4.72949e-37
30 22 6.56501e-38
30 22.5 7.87325e-39
30 23 8.15774e-40
30 23.5 7.30269e-41
30 24 5.64798e-42
30 24.5 3.77399e-43
30 25 2.17874e-44
30 25.5 1.08669e-45
30 26 4.6828e-47
30 26.5 1.74342e-48
30 27 5.60783e-50
30 27.5 1.55842e-51
30 28 3.74174e-53
30 28.5 7.76173e-55
30 29 1.39104e-56
30 29.5 2.15387e-58
30 30 2.88135e-60
30 30.5 3.3302e-62
30 31 3.32538e-64
30 31.5 2.86886e-66
30 32 2.13833e-68
30 32.5 1.37701e-70
30 33 7.6612e-73
30 33.5 3.68259e-75
30 34 1.52935e-77
30 34.5 5.48731e-80
30 35 1.70101e-82

30.5 0 3.67189e-62
30.5 0.5 2.74114e-60
30.5 1 1.76795e-58
30.5 1.5 9.8516e-57
30.5 2 4.74286e-55
30.5 2.5 1.97274e-53
30.5 3 7.08922e-52
30.5 3.5 2.20102e-50
30.5 4 5.904e-49
30.5 4.5 1.36825e-47
30.5 5 2.73957e-46
30.5 5.5 4.7391e-45
30.5 6 7.08284e-44
30.5 6.5 9.14567e-43
30.5 7 1.02028e-41
30.5 7.5 9.83385e-41
30.5 8 8.18886e-40
30.5 8.5 5.89143e-39
30.5 9 3.66197e-38
30.5 9.5 1.96656e-37
30.5 10 9.1242e-37
30.5 10.5 3.65747e-36
30.5 11 1.26667e-35
30.5 11.5 3.79004e-35
30.5 12 9.79764e-35
30.5 12.5 2.18825e-34
30.5 13 4.22248e-34
30.5 13.5 7.03942e-34
30.5 14 1.01392e-33
30.5 14.5 1.26173e-33
30.5 15 1.35652e-33
30.5 15.5 1.26004e-33
30.5 16 1.01121e-33
30.5 16.5 7.0112e-34
30.5 17 4.19993e-34
30.5 17.5 2.17364e-34
30.5 18 9.71923e-35
30.5 18.5 3.75468e-35
30.5 19 1.25317e-35
30.5 19.5 3.61365e-36
30.5 20 9.00283e-37
30.5 20.5 1.9378e-37
30.5 21 3.6036e-38
30.5 21.5 5.78976e-39
30.5 22 8.03677e-40
30.5 22.5 9.63829e-41
30.5 23 9.98656e-42
30.5 23.5 8.93982e-43
30.5 24 6.91416e-44
30.5 24.5 4.62005e-45
30.5 25 2.66717e-46
30.5 25.5 1.33031e-47
30.5 26 5.7326e-49
30.5 26.5 2.13426e-50
30.5 27 6.86501e-52
30.5 27.5 1.9078e-53
30.5 28 4.58057e-55
30.5 28.5 9.50177e-57
30.5 29 1.70289e-58
30.5 29.5 2.63673e-60
30.5 30 3.5273e-62
30.5 30.5 4.07677e-64
30.5 31 4.07087e-66
30.5 31.5 3.51201e-68
30.5 32 2.61771e-70
30.5 32.5 1.68571e-72
30.5 33 9.37871e-75
30.5 33.5 4.50817e-77
30.5 34 1.87221e-79
30.5 34.5 6.71746e-82
30.5 35 2.08235e-84

31 0 3.92185e-64
31 0.5 2.92774e-62
31 1 1.8883e-60
31 1.5 1.05222e-58
31 2 5.06573e-57
31 2.5 2.10704e-55
31 3 7.57182e-54
31 3.5 2.35085e-52
31 4 6.30591e-51
31 4.5 1.46139e-49
31 5 2.92606e-48
31 5.5 5.06171e-47
31 6 7.565e-46
31 6.5 9.76825e-45
31 7 1.08974e-43
31 7.5 1.05033e-42
31 8 8.74631e-42
31 8.5 6.29248e-41
31 9 3.91126e-40
31 9.5 2.10043e-39
31 10 9.74533e-39
31 10.5 3.90645e-38
31 11 1.3529e-37
31 11.5 4.04805e-37
31 12 1.04646e-36
31 12.5 2.33721e-36
31 13 4.50993e-36
31 13.5 7.51863e-36
31 14 1.08294e-35
31 14.5 1.34762e-35
31 15 1.44887e-35
31 15.5 1.34582e-35
31 16 1.08004e-35
31 16.5 7.48848e-36
31 17 4.48583e-36
31 17.5 2.32161e-36
31 18 1.03809e-36
31 18.5 4.01028e-37
31 19 1.33848e-37
31 19.5 3.85965e-38
31 20 9.6157e-39
31 20.5 2.06972e-39
31 21 3.84891e-40
31 21.5 6.18389e-41
31 22 8.58387e-42
31 22.5 1.02944e-42
31 23 1.06664e-43
31 23.5 9.5484e-45
31 24 7.38483e-46
31 24.5 4.93456e-47
31 25 2.84874e-48
31 25.5 1.42087e-49
31 26 6.12285e-51
31 26.5 2.27955e-52
31 27 7.33234e-54
31 27.5 2.03767e-55
31 28 4.89239e-57
31 28.5 1.01486e-58
31 29 1.81881e-60
31 29.5 2.81623e-62
31 30 3.76742e-64
31 30.5 4.3543e-66
31 31 4.34799e-68
31 31.5 3.75109e-70
31 32 2.7959e-72
31 32.5 1.80047e-74
31 33 1.00172e-76
31 33.5 4.81506e-79
31 34 1.99966e-81
31 34.5 7.17475e-84
31 35 2.22411e-86

31.5 0 3.65467e-66
31.5 0.5 2.72828e-64
31.5 1 1.75966e-62
31.5 1.5 9.80539e-61
31.5 2 4.72061e-59
31.5 2.5 1.96349e-57
31.5 3 7.05598e-56
31.5 3.5 2.1907e-54
31.5 4 5.87631e-53
31.5 4.5 1.36183e-51
31.5 5 2.72672e-50
31.5 5.5 4.71688e-49
31.5 6 7.04962e-48
31.5 6.5 9.10278e-47
31.5 7 1.0155e-45
31.5 7.5 9.78773e-45
31.5 8 8.15045e-44
31.5 8.5 5.8638e-43
31.5 9 3.6448e-42
31.5 9.5 1.95733e-41
31.5 10 9.08141e-41
31.5 10.5 3.64032e-40
31.5 11 1.26073e-39
31.5 11.5 3.77227e-39
31.5 12 9.75169e-39
31.5 12.5 2.17798e-38
31.5 13 4.20268e-38
31.5 13.5 7.00641e-38
31.5 14 1.00916e-37
31.5 14.5 1.25581e-37
31.5 15 1.35016e-37
31.5 15.5 1.25413e-37
31.5 16 1.00646e-37
31.5 16.5 6.97832e-38
31.5 17 4.18023e-38
31.5 17.5 2.16345e-38
31.5 18 9.67365e-39
31.5 18.5 3.73707e-39
31.5 19 1.2473e-39
31.5 19.5 3.59671e-40
31.5 20 8.96061e-41
31.5 20.5 1.92871e-41
31.5 21 3.5867e-42
31.5 21.5 5.7626e-43
31.5 22 7.99908e-44
31.5 22.5 9.59309e-45
31.5 23 9.93973e-46
31.5 23.5 8.8979e-47
31.5 24 6.88173e-48
31.5 24.5 4.59838e-49
31.5 25 2.65466e-50
31.5 25.5 1.32407e-51
31.5 26 5.70572e-53
31.5 26.5 2.12425e-54
31.5 27 6.83282e-56
31.5 27.5 1.89885e-57
31.5 28 4.55909e-59
31.5 28.5 9.45721e-61
31.5 29 1.6949e-62
31.5 29.5 2.62437e-64
31.5 30 3.51076e-66
31.5 30.5 4.05765e-68
31.5 31 4.05178e-70
31.5 31.5 3.49554e-72
31.5 32 2.60543e-74
31.5 32.5 1.67781e-76
31.5 33 9.33472e-79
31.5 33.5 4.48702e-81
31.5 34 1.86343e-83
31.5 34.5 6.68596e-86
31.5 35 2.07258e-88

32 0 2.97139e-68
32 0.5 2.21821e-66
32 1 1.43067e-64
32 1.5 7.97218e-63
32 2 3.83805e-61
32 2.5 1.5964e-59
32 3 5.73679e-58
32 3.5 1.78112e-56
32 4 4.77768e-55
32 4.5 1.10723e-53
32 5 2.21693e-52
32 5.5 3.83501e-51
32 6 5.73163e-50
32 6.5 7.40093e-49
32 7 8.25641e-48
32 7.5 7.95782e-47
32 8 6.62665e-46
32 8.5 4.7675e-45
32 9 2.96337e-44
32 9.5 1.59139e-43
32 10 7.38355e-43
32 10.5 2.95972e-42
32 11 1.02502e-41
32 11.5 3.06701e-41
32 12 7.92852e-41
32 12.5 1.77079e-40
32 13 3.41695e-40
32 13.5 5.69649e-40
32 14 8.20491e-40
32 14.5 1.02103e-39
32 15 1.09774e-39
32 15.5 1.01966e-39
32 16 8.18296e-40
32 16.5 5.67365e-40
32 17 3.3987e-40
32 17.5 1.75897e-40
32 18 7.86507e-41
32 18.5 3.03839e-41
32 19 1.0141e-41
32 19.5 2.92427e-42
32 20 7.28534e-43
32 20.5 1.56812e-43
32 21 2.91613e-44
32 21.5 4.68523e-45
32 22 6.50358e-46
32 22.5 7.79957e-47
32 23 8.0814e-48
32 23.5 7.23435e-49
32 24 5.59512e-50
32 24.5 3.73867e-51
32 25 2.15835e-52
32 25.5 1.07652e-53
32 26 4.63898e-55
32 26.5 1.7271e-56
32 27 5.55536e-58
32 27.5 1.54384e-59
32 28 3.70672e-61
32 28.5 7.68909e-63
32 29 1.37803e-64
32 29.5 2.13372e-66
32 30 2.85439e-68
32 30.5 3.29904e-70
32 31 3.29426e-72
32 31.5 2.84201e-74
32 32 2.11832e-76
32 32.5 1.36412e-78
32 33 7.58951e-81
32 33.5 3.64813e-83
32 34 1.51504e-85
32 34.5 5.43596e-88
32 35 1.6851e-90

32.5 0 2.10779e-70
32.5 0.5 1.57351e-68
32.5 1 1.01487e-66
32.5 1.5 5.65516e-65
32.5 2 2.72257e-63
32.5 2.5 1.13242e-61
32.5 3 4.06946e-60
32.5 3.5 1.26346e-58
32.5 4 3.3891e-57
32.5 4.5 7.85423e-56
32.5 5 1.57261e-54
32.5 5.5 2.72041e-53
32.5 6 4.06579e-52
32.5 6.5 5.24993e-51
32.5 7 5.85678e-50
32.5 7.5 5.64497e-49
32.5 8 4.70069e-48
32.5 8.5 3.38188e-47
32.5 9 2.1021e-46
32.5 9.5 1.12887e-45
32.5 10 5.23761e-45
32.5 10.5 2.09951e-44
32.5 11 7.27113e-44
32.5 11.5 2.17562e-43
32.5 12 5.62418e-43
32.5 12.5 1.25613e-42
32.5 13 2.42385e-42
32.5 13.5 4.04087e-42
32.5 14 5.82025e-42
32.5 14.5 7.24277e-42
32.5 15 7.78691e-42
32.5 15.5 7.23308e-42
32.5 16 5.80468e-42
32.5 16.5 4.02467e-42
32.5 17 2.4109e-42
32.5 17.5 1.24775e-42
32.5 18 5.57918e-43
32.5 18.5 2.15532e-43
32.5 19 7.19365e-44
32.5 19.5 2.07436e-44
32.5 20 5.16794e-45
32.5 20.5 1.11236e-45
32.5 21 2.06859e-46
32.5 21.5 3.32352e-47
32.5 22 4.61339e-48
32.5 22.5 5.53272e-49
32.5 23 5.73263e-50
32.5 23.5 5.13177e-51
32.5 24 3.96897e-52
32.5 24.5 2.65207e-53
32.5 25 1.53105e-54
32.5 25.5 7.63644e-56
32.5 26 3.29071e-57
32.5 26.5 1.22514e-58
32.5 27 3.94076e-60
32.5 27.5 1.09514e-61
32.5 28 2.62941e-63
32.5 28.5 5.45435e-65
32.5 29 9.77518e-67
32.5 29.5 1.51358e-68
32.5 30 2.02479e-70
32.5 30.5 2.34021e-72
32.5 31 2.33682e-74
32.5 31.5 2.01601e-76
32.5 32 1.50265e-78
32.5 32.5 9.67657e-81
32.5 33 5.3837e-83
32.5 33.5 2.58784e-85
32.5 34 1.07471e-87
32.5 34.5 3.85606e-90
32.5 35 1.19534e-92

33 0 1.30452e-72
33 0.5 9.7385e-71
33 1 6.28104e-69
33 1.5 3.5e-67
33 2 1.685e-65
33 2.5 7.00861e-64
33 3 2.5186e-62
33 3.5 7.81961e-61
33 4 2.09752e-59
33 4.5 4.86101e-58
33 5 9.73292e-57
33 5.5 1.68367e-55
33 6 2.51633e-54
33 6.5 3.2492e-53
33 7 3.62478e-52
33 7.5 3.49369e-51
33 8 2.90927e-50
33 8.5 2.09306e-49
33 9 1.301e-48
33 9.5 6.98662e-48
33 10 3.24157e-47
33 10.5 1.2994e-46
33 11 4.50013e-46
33 11.5 1.3465e-45
33 12 3.48083e-45
33 12.5 7.77423e-45
33 13 1.50013e-44
33 13.5 2.50091e-44
33 14 3.60217e-44
33 14.5 4.48258e-44
33 15 4.81935e-44
33 15.5 4.47658e-44
33 16 3.59254e-44
33 16.5 2.49088e-44
33 17 1.49212e-44
33 17.5 7.72235e-45
33 18 3.45297e-45
33 18.5 1.33393e-45
33 19 4.45218e-46
33 19.5 1.28383e-46
33 20 3.19846e-47
33 20.5 6.88446e-48
33 21 1.28026e-48
33 21.5 2.05694e-49
33 22 2.85524e-50
33 22.5 3.42422e-51
33 23 3.54795e-52
33 23.5 3.17607e-53
33 24 2.45641e-54
33 24.5 1.64137e-55
33 25 9.47572e-57
33 25.5 4.72622e-58
33 26 2.03663e-59
33 26.5 7.58244e-61
33 27 2.43895e-62
33 27.5 6.77787e-64
33 28 1.62735e-65
33 28.5 3.37571e-67
33 29 6.04989e-69
33 29.5 9.36757e-71
33 30 1.25315e-72
33 30.5 1.44836e-74
33 31 1.44627e-76
33 31.5 1.24772e-78
33 32 9.29998e-81
33 32.5 5.98886e-83
33 33 3.33199e-85
33 33.5 1.60163e-87
33 34 6.65143e-90
33 34.5 2.38653e-92
33 35 7.39801e-95

33.5 0 7.04415e-75
33.5 0.5 5.2586e-73
33.5 1 3.39164e-71
33.5 1.5 1.88993e-69
33.5 2 9.0987e-68
33.5 2.5 3.78451e-66
33.5 3 1.36e-64
33.5 3.5 4.22244e-63
33.5 4 1.13262e-61
33.5 4.5 2.62485e-60
33.5 5 5.25559e-59
33.5 5.5 9.0915e-58
33.5 6 1.35877e-56
33.5 6.5 1.75451e-55
33.5 7 1.95731e-54
33.5 7.5 1.88653e-53
33.5 8 1.57095e-52
33.5 8.5 1.13021e-51
33.5 9 7.02512e-51
33.5 9.5 3.77264e-50
33.5 10 1.75039e-49
33.5 10.5 7.01649e-49
33.5 11 2.42998e-48
33.5 11.5 7.27082e-48
33.5 12 1.87958e-47
33.5 12.5 4.19793e-47
33.5 13 8.10041e-47
33.5 13.5 1.35044e-46
33.5 14 1.9451e-46
33.5 14.5 2.4205e-46
33.5 15 2.60235e-46
33.5 15.5 2.41727e-46
33.5 16 1.9399e-46
33.5 16.5 1.34503e-46
33.5 17 8.05714e-47
33.5 17.5 4.16992e-47
33.5 18 1.86454e-47
33.5 18.5 7.20298e-48
33.5 19 2.40409e-48
33.5 19.5 6.93244e-49
33.5 20 1.7271e-49
33.5 20.5 3.71748e-50
33.5 21 6.91314e-51
33.5 21.5 1.11071e-51
33.5 22 1.54177e-52
33.5 22.5 1.84901e-53
33.5 23 1.91582e-54
33.5 23.5 1.71502e-55
33.5 24 1.32641e-56
33.5 24.5 8.8631e-58
33.5 25 5.11671e-59
33.5 25.5 2.55207e-60
33.5 26 1.09974e-61
33.5 26.5 4.09437e-63
33.5 27 1.31698e-64
33.5 27.5 3.65992e-66
33.5 28 8.78737e-68
33.5 28.5 1.82282e-69
33.5 29 3.26683e-71
33.5 29.5 5.05831e-73
33.5 30 6.76678e-75
33.5 30.5 7.82088e-77
33.5 31 7.80956e-79
33.5 31.5 6.73744e-81
33.5 32 5.02181e-83
33.5 32.5 3.23387e-85
33.5 33 1.79921e-87
33.5 33.5 8.64847e-90
33.5 34 3.59164e-92
33.5 34.5 1.28868e-94
33.5 35 3.99478e-97

34 0 3.31866e-77
34 0.5 2.47745e-75
34 1 1.59788e-73
34 1.5 8.90388e-72
34 2 4.2866e-70
34 2.5 1.78297e-68
34 3 6.40725e-67
34 3.5 1.98928e-65
34 4 5.33604e-64
34 4.5 1.23663e-62
34 5 2.47603e-61
34 5.5 4.28321e-60
34 6 6.40147e-59
34 6.5 8.26587e-58
34 7 9.22133e-57
34 7.5 8.88784e-56
34 8 7.4011e-55
34 8.5 5.32468e-54
34 9 3.30969e-53
34 9.5 1.77738e-52
34 10 8.24646e-52
34 10.5 3.30562e-51
34 11 1.14482e-50
34 11.5 3.42544e-50
34 12 8.85512e-50
34 12.5 1.97774e-49
34 13 3.81628e-49
34 13.5 6.36224e-49
34 14 9.16381e-49
34 14.5 1.14035e-48
34 15 1.22603e-48
34 15.5 1.13883e-48
34 16 9.1393e-49
34 16.5 6.33673e-49
34 17 3.7959e-49
34 17.5 1.96454e-49
34 18 8.78426e-50
34 18.5 3.39349e-50
34 19 1.13262e-50
34 19.5 3.26603e-51
34 20 8.13677e-52
34 20.5 1.75139e-52
34 21 3.25693e-53
34 21.5 5.23279e-54
34 22 7.26364e-55
34 22.5 8.7111e-56
34 23 9.02587e-57
34 23.5 8.07982e-58
34 24 6.24902e-59
34 24.5 4.1756e-60
34 25 2.41059e-61
34 25.5 1.20234e-62
34 26 5.18113e-64
34 26.5 1.92895e-65
34 27 6.20461e-67
34 27.5 1.72427e-68
34 28 4.13993e-70
34 28.5 8.58771e-72
34 29 1.53907e-73
34 29.5 2.38308e-75
34 30 3.18798e-77
34 30.5 3.68459e-79
34 31 3.67926e-81
34 31.5 3.17416e-83
34 32 2.36589e-85
34 32.5 1.52355e-87
34 33 8.47649e-90
34 33.5 4.07449e-92
34 34 1.6921e-94
34 34.5 6.07125e-97
34 35 1.88203e-99

34.5 0 1.36412e-79
34.5 0.5 1.01834e-77
34.5 1 6.56798e-76
34.5 1.5 3.65989e-74
34.5 2 1.76198e-72
34.5 2.5 7.3288e-71
34.5 3 2.63366e-69
34.5 3.5 8.17684e-68
34.5 4 2.19335e-66
34.5 4.5 5.08308e-65
34.5 5 1.01776e-63
34.5 5.5 1.76059e-62
34.5 6 2.63129e-61
34.5 6.5 3.39764e-60
34.5 7 3.79038e-59
34.5 7.5 3.6533e-58
34.5 8 3.04218e-57
34.5 8.5 2.18868e-56
34.5 9 1.36043e-55
34.5 9.5 7.3058e-55
34.5 10 3.38966e-54
34.5 10.5 1.35876e-53
34.5 11 4.70571e-53
34.5 11.5 1.40801e-52
34.5 12 3.63985e-52
34.5 12.5 8.12939e-52
34.5 13 1.56866e-51
34.5 13.5 2.61516e-51
34.5 14 3.76673e-51
34.5 14.5 4.68736e-51
34.5 15 5.03952e-51
34.5 15.5 4.68109e-51
34.5 16 3.75666e-51
34.5 16.5 2.60468e-51
34.5 17 1.56028e-51
34.5 17.5 8.07514e-52
34.5 18 3.61072e-52
34.5 18.5 1.39487e-52
34.5 19 4.65557e-53
34.5 19.5 1.34248e-53
34.5 20 3.34458e-54
34.5 20.5 7.19898e-55
34.5 21 1.33875e-55
34.5 21.5 2.15091e-56
34.5 22 2.98568e-57
34.5 22.5 3.58065e-58
34.5 23 3.71003e-59
34.5 23.5 3.32117e-60
34.5 24 2.56863e-61
34.5 24.5 1.71636e-62
34.5 25 9.90861e-64
34.5 25.5 4.94214e-65
34.5 26 2.12968e-66
34.5 26.5 7.92884e-68
34.5 27 2.55037e-69
34.5 27.5 7.08751e-71
34.5 28 1.70169e-72
34.5 28.5 3.52993e-74
34.5 29 6.32628e-76
34.5 29.5 9.79553e-78
34.5 30 1.3104e-79
34.5 30.5 1.51453e-81
34.5 31 1.51234e-83
34.5 31.5 1.30472e-85
34.5 32 9.72484e-88
34.5 32.5 6.26246e-90
34.5 33 3.48421e-92
34.5 33.5 1.6748e-94
34.5 34 6.9553e-97
34.5 34.5 2.49556e-99
34.5 35 7.73599e-102

35 0 4.8921e-82
35 0.5 3.65205e-80
35 1 2.35546e-78
35 1.5 1.31254e-76
35 2 6.31897e-75
35 2.5 2.62831e-73
35 3 9.44506e-72
35 3.5 2.93244e-70
35 4 7.86597e-69
35 4.5 1.82294e-67
35 5 3.64996e-66
35 5.5 6.31397e-65
35 6 9.43655e-64
35 6.5 1.21849e-62
35 7 1.35934e-61
35 7.5 1.31018e-60
35 8 1.09101e-59
35 8.5 7.84922e-59
35 9 4.87889e-58
35 9.5 2.62007e-57
35 10 1.21563e-56
35 10.5 4.87289e-56
35 11 1.6876e-55
35 11.5 5.04952e-55
35 12 1.30535e-54
35 12.5 2.91543e-54
35 13 5.62567e-54
35 13.5 9.37871e-54
35 14 1.35086e-53
35 14.5 1.68102e-53
35 15 1.80731e-53
35 15.5 1.67877e-53
35 16 1.34724e-53
35 16.5 9.34111e-54
35 17 5.59561e-54
35 17.5 2.89597e-54
35 18 1.29491e-54
35 18.5 5.00241e-55
35 19 1.66962e-55
35 19.5 4.81452e-56
35 20 1.19946e-56
35 20.5 2.58176e-57
35 21 4.80112e-58
35 21.5 7.71376e-59
35 22 1.07075e-59
35 22.5 1.28412e-60
35 23 1.33052e-61
35 23.5 1.19106e-62
35 24 9.21182e-64
35 24.5 6.15535e-65
35 25 3.55351e-66
35 25.5 1.77239e-67
35 26 7.63762e-69
35 26.5 2.84351e-70
35 27 9.14634e-72
35 27.5 2.54178e-73
35 28 6.10275e-75
35 28.5 1.26593e-76
35 29 2.26878e-78
35 29.5 3.51295e-80
35 30 4.69947e-82
35 30.5 5.43153e-84
35 31 5.42367e-86
35 31.5 4.67909e-88
35 32 3.4876e-90
35 32.5 2.24589e-92
35 33 1.24954e-94
35 33.5 6.00629e-97
35 34 2.49437e-99
35 34.5 8.94976e-102
35 35 2.77434e-104

