-0.596774 0.573392
-0.382212 -0.657895
-0.382212 -0.645582
-0.382212 -0.633269
-0.382212 -0.620956
-0.373272 -0.657895
-0.373272 -0.645582
-0.373272 -0.633269
-0.373272 -0.620956
-0.373272 -0.608644
-0.373272 -0.596331
-0.373272 -0.584018
-0.364332 -0.571705
-0.364332 -0.559392
-0.355392 -0.547079
-0.355392 -0.534766
-0.346451 -0.522453
-0.346451 -0.510141
-0.337511 -0.497828
-0.337511 -0.485515
-0.328571 -0.473202
-0.328571 -0.460889
-0.319631 -0.436263
-0.319631 -0.423950
-0.319631 -0.411638
-0.319631 -0.399325
-0.319631 -0.387012
-0.319631 -0.374699
-0.319631 -0.362386
-0.319631 -0.350073
-0.319631 -0.337760
-0.319631 -0.325448
-0.310691 -0.313135
-0.310691 -0.300822
-0.301751 -0.288509
-0.301751 -0.276196
-0.292811 -0.276196
-0.292811 -0.263883
-0.283871 -0.251570
-0.274931 -0.239257
-0.265991 -0.226945
-0.257051 -0.214632
-0.248110 -0.202319
-0.248110 -0.190006
-0.239170 -0.190006
-0.239170 -0.177693
-0.230230 -0.177693
-0.230230 -0.165380
-0.221290 -0.165380
-0.221290 -0.153067
-0.212350 -0.153067
-0.203410 -0.140754
-0.194470 -0.128442
-0.185530 -0.128442
-0.176590 -0.116129
-0.167650 -0.103816
-0.158710 -0.103816
-0.149769 -0.091503
-0.140829 -0.079190
-0.131889 -0.066877
-0.122949 -0.054564
-0.114009 -0.042252
-0.105069 -0.029939
-0.096129 -0.017626
-0.096129 -0.005313
-0.087189 0.007000
-0.078249 0.031626
-0.069309 0.043939
-0.069309 0.056251
-0.060369 0.068564
-0.060369 0.080877
-0.051429 0.093190
-0.051429 0.105503
-0.042488 0.117816
-0.042488 0.130129
-0.042488 0.142442
-0.033548 0.167067
-0.033548 0.179380
-0.033548 0.191693
-0.024608 0.216319
-0.024608 0.228632
-0.015668 0.253257
-0.006728 0.277883
0.002212 0.302509
0.011152 0.314822
0.011152 0.327135
0.020092 0.339447
0.029032 0.351760
0.029032 0.364073
0.037972 0.376386
0.046912 0.388699
0.055853 0.401012
0.064793 0.413325
0.073733 0.425638
0.082673 0.437950
0.091613 0.450263
0.100553 0.462576
0.109493 0.462576
0.118433 0.474889
0.127373 0.474889
0.136313 0.487202
0.145253 0.487202
0.154194 0.487202
0.154194 0.499515
0.163134 0.499515
0.172074 0.499515
0.172074 0.511828
0.181014 0.499515
0.181014 0.511828
0.189954 0.511828
0.189954 0.524141
0.198894 0.511828
0.198894 0.524141
0.207834 0.511828
0.207834 0.524141
0.207834 0.536453
0.216774 0.511828
0.216774 0.524141
0.216774 0.536453
0.225714 0.524141
0.225714 0.536453
0.225714 0.548766
0.234654 0.524141
0.234654 0.536453
0.234654 0.548766
0.234654 0.561079
0.243594 0.524141
0.243594 0.536453
0.243594 0.548766
0.243594 0.561079
0.243594 0.573392
0.252535 0.524141
0.252535 0.536453
0.252535 0.548766
0.252535 0.561079
0.252535 0.573392
0.261475 0.524141
0.261475 0.536453
0.261475 0.548766
0.261475 0.561079
0.261475 0.573392
0.270415 0.524141
0.270415 0.536453
0.270415 0.548766
0.270415 0.561079
0.270415 0.573392
0.279355 0.511828
0.279355 0.524141
0.279355 0.536453
0.279355 0.548766
0.279355 0.561079
0.279355 0.573392
0.288295 0.511828
0.288295 0.524141
0.288295 0.536453
0.288295 0.548766
0.288295 0.561079
0.288295 0.573392
