0.168940 0.713193
0.168940 0.719053
0.168940 0.724912
0.168940 0.730772
0.178479 0.672175
0.178479 0.678035
0.178479 0.683895
0.178479 0.765930
0.178479 0.771789
0.178479 0.777649
0.188018 0.648737
0.188018 0.654597
0.188018 0.795228
0.188018 0.801088
0.197558 0.637018
0.197558 0.812807
0.207097 0.619439
0.207097 0.625298
0.207097 0.824526
0.216636 0.613579
0.216636 0.836245
0.226175 0.601860
0.226175 0.847965
0.235714 0.402632
0.235714 0.408492
0.235714 0.590140
0.235714 0.853824
0.245253 0.420211
0.245253 0.426071
0.245253 0.431930
0.245253 0.437790
0.245253 0.572562
0.245253 0.578421
0.245253 0.859684
0.254793 0.449509
0.254793 0.455369
0.254793 0.461228
0.254793 0.467088
0.254793 0.554983
0.254793 0.560842
0.254793 0.566702
0.254793 0.865544
0.264332 0.484667
0.264332 0.490527
0.264332 0.496386
0.264332 0.502246
0.264332 0.508106
0.264332 0.513965
0.264332 0.519825
0.264332 0.525684
0.264332 0.531544
0.264332 0.537404
0.264332 0.543263
0.264332 0.871403
0.273871 0.877263
0.283410 0.883122
0.292949 0.883122
0.302489 0.888982
0.312028 0.888982
0.321567 0.888982
0.340645 0.888982
0.350184 0.888982
0.359724 0.883122
0.359724 0.888982
0.369263 0.877263
0.369263 0.883122
0.378802 0.871403
0.378802 0.877263
0.388341 0.859684
0.388341 0.865544
0.397880 0.842105
0.397880 0.847965
0.407419 0.812807
0.407419 0.818666
0.407419 0.824526
0.416959 0.783509
0.416959 0.789368
0.416959 0.795228
0.426498 0.402632
0.426498 0.408492
0.426498 0.765930
0.426498 0.771789
0.436037 0.420211
0.436037 0.426071
0.436037 0.431930
0.436037 0.437790
0.436037 0.754210
0.445576 0.449509
0.445576 0.455369
0.445576 0.461228
0.445576 0.748351
0.455115 0.472948
0.455115 0.478807
0.455115 0.742491
0.464654 0.490527
0.464654 0.496386
0.464654 0.742491
0.474194 0.508106
0.474194 0.742491
0.474194 0.748351
0.483733 0.519825
0.483733 0.525684
0.483733 0.748351
0.483733 0.754210
0.493272 0.537404
0.493272 0.543263
0.493272 0.754210
0.493272 0.760070
0.502811 0.554983
0.502811 0.765930
0.502811 0.771789
0.512350 0.566702
0.512350 0.572562
0.512350 0.783509
0.512350 0.789368
0.521889 0.578421
0.521889 0.584281
0.521889 0.806947
0.521889 0.812807
0.531429 0.408492
0.531429 0.414351
0.531429 0.590140
0.531429 0.596000
0.531429 0.824526
0.531429 0.830386
0.540968 0.431930
0.540968 0.437790
0.540968 0.601860
0.540968 0.847965
0.550507 0.449509
0.550507 0.607719
0.550507 0.859684
0.550507 0.865544
0.560046 0.461228
0.560046 0.613579
0.560046 0.871403
0.569585 0.467088
0.569585 0.619439
0.569585 0.877263
0.569585 0.883122
0.579124 0.472948
0.579124 0.625298
0.579124 0.883122
0.579124 0.888982
0.588664 0.478807
0.588664 0.625298
0.588664 0.888982
0.598203 0.484667
0.598203 0.894842
0.607742 0.490527
0.607742 0.631158
0.607742 0.894842
0.617281 0.631158
0.617281 0.894842
0.626820 0.496386
0.626820 0.894842
0.636360 0.502246
0.636360 0.625298
0.636360 0.894842
0.645899 0.625298
0.645899 0.888982
0.655438 0.508106
0.655438 0.619439
0.655438 0.888982
0.664977 0.513965
0.664977 0.613579
0.664977 0.883122
0.674516 0.519825
0.674516 0.607719
0.674516 0.877263
0.684055 0.531544
0.684055 0.590140
0.684055 0.596000
0.684055 0.871403
0.693595 0.543263
0.693595 0.549123
0.693595 0.554983
0.693595 0.560842
0.693595 0.566702
0.693595 0.572562
0.693595 0.578421
0.693595 0.859684
0.703134 0.847965
0.712673 0.836245
0.722212 0.818666
0.731751 0.801088
0.731751 0.806947
0.741290 0.783509
0.741290 0.789368
0.750830 0.771789
0.750830 0.777649
0.760369 0.765930
0.769908 0.754210
0.779447 0.748351
0.788986 0.748351
0.798525 0.742491
0.808065 0.742491
0.827143 0.736631
0.836682 0.736631
0.855760 0.742491
0.865300 0.431930
0.865300 0.437790
0.865300 0.443649
0.865300 0.449509
0.865300 0.455369
0.865300 0.461228
0.865300 0.467088
0.865300 0.472948
0.865300 0.478807
0.865300 0.484667
0.865300 0.490527
0.865300 0.496386
0.865300 0.502246
0.865300 0.742491
0.874839 0.525684
0.874839 0.531544
0.874839 0.537404
0.874839 0.742491
0.884378 0.549123
0.884378 0.554983
0.884378 0.742491
0.893917 0.560842
0.893917 0.566702
0.893917 0.748351
0.903456 0.572562
0.903456 0.748351
0.912995 0.578421
0.912995 0.748351
0.922535 0.584281
0.922535 0.754210
0.932074 0.590140
0.932074 0.754210
0.941613 0.596000
0.941613 0.754210
0.951152 0.596000
0.951152 0.754210
0.951152 0.760070
0.960691 0.596000
0.960691 0.760070
0.970230 0.596000
0.970230 0.760070
0.979770 0.596000
0.979770 0.760070
0.989309 0.596000
0.989309 0.760070
0.989309 0.765930
