0.086405 4.284911
0.125691 4.263759
0.164977 4.242608
0.204263 4.221456
0.243549 4.200305
0.282835 4.179153
0.322121 4.158001
0.361407 4.136850
0.400693 4.115698
0.439979 4.094547
0.479265 4.073395
0.518550 4.052243
0.557836 4.031092
0.597122 4.009940
0.636408 3.988789
0.675694 3.967637
0.714980 3.946486
0.754266 3.925334
0.793552 3.904182
0.832838 3.883031
0.872124 3.861879
0.911410 3.840728
0.950696 3.819576
0.989982 3.798424
1.029268 3.777273
1.068554 3.756121
1.107840 3.734970
1.147126 3.713818
1.186412 3.692666
1.225698 3.671515
1.264984 3.650363
1.304269 3.629212
1.343555 3.608060
1.382841 3.586909
1.422127 3.565757
1.461413 3.544605
1.500699 3.523454
1.539985 3.502302
1.579271 3.481151
1.618557 3.459999
1.657843 3.438847
1.697129 3.417696
1.736415 3.396544
1.775701 3.375393
1.814987 3.354241
1.854273 3.333089
1.893559 3.311938
1.932845 3.290786
1.972131 3.269635
2.011417 3.248483
2.050703 3.227332
2.089988 3.206180
2.129274 3.185028
2.168560 3.163877
2.207846 3.142725
2.247132 3.121574
2.286418 3.100422
2.325704 3.079270
2.364990 3.058119
2.404276 3.036967
2.443562 3.015816
2.482848 2.994664
2.522134 2.973512
2.561420 2.952361
2.600706 2.931209
2.639992 2.910058
2.679278 2.888906
2.718564 2.867755
2.757850 2.846603
2.797136 2.825451
2.836422 2.804300
2.875707 2.783148
2.914993 2.761997
2.954279 2.740845
2.993565 2.719693
3.032851 2.698542
3.072137 2.677390
3.111423 2.656239
3.150709 2.635087
3.189995 2.613935
3.229281 2.592784
3.268567 2.571632
3.307853 2.550481
3.347139 2.529329
3.386425 2.508178
3.425711 2.487026
3.464997 2.465874
3.504283 2.444723
3.543569 2.423571
3.582855 2.402420
3.622141 2.381268
3.661426 2.360116
3.700712 2.338965
3.739998 2.317813
3.779284 2.296662
3.818570 2.275510
3.857856 2.254358
3.897142 2.233207
3.936428 2.212055
3.975714 2.190904
