0 64300748800.000000
1 63036796928.000000
2 61799108608.000000
3 60587139072.000000
4 59400347648.000000
5 58238160896.000000
6 57100079104.000000
7 55985610752.000000
8 54894219264.000000
9 53825425408.000000
10 52778758144.000000
11 51753734144.000000
12 50749911040.000000
13 49766838272.000000
14 48804085760.000000
15 47861190656.000000
16 46937759744.000000
17 46033379328.000000
18 45147635712.000000
19 44280143872.000000
20 43430514688.000000
21 42598383616.000000
22 41783365632.000000
23 40985108480.000000
24 40203259904.000000
25 39437488128.000000
26 38687424512.000000
27 37952757760.000000
28 37233172480.000000
29 36528336896.000000
30 35837964288.000000
31 35161714688.000000
32 34499325952.000000
33 33850490880.000000
34 33214932992.000000
35 32592369664.000000
36 31982532608.000000
37 31385159680.000000
38 30799986688.000000
39 30226745344.000000
40 29665222656.000000
41 29115138048.000000
42 28576264192.000000
43 28048375808.000000
44 27531243520.000000
45 27024640000.000000
46 26528337920.000000
47 26042134528.000000
48 25565818880.000000
49 25099186176.000000
50 24642029568.000000
51 24194154496.000000
52 23755372544.000000
53 23325497344.000000
54 22904336384.000000
55 22491715584.000000
56 22087448576.000000
57 21691379712.000000
58 21303320576.000000
59 20923121664.000000
60 20550612992.000000
61 20185628672.000000
62 19828029440.000000
63 19477655552.000000
64 19134357504.000000
65 18797983744.000000
66 18468403200.000000
67 18145468416.000000
68 17829044224.000000
69 17519001600.000000
70 17215201280.000000
71 16917521408.000000
72 16625835008.000000
73 16340014080.000000
74 16059940864.000000
75 15785502720.000000
76 15516573696.000000
77 15253060608.000000
78 14994825216.000000
79 14741780480.000000
80 14493811712.000000
81 14250817536.000000
82 14012691456.000000
83 13779341312.000000
84 13550666752.000000
85 13326568448.000000
86 13106954240.000000
87 12891737088.000000
88 12680819712.000000
89 12474122240.000000
90 12271555584.000000
91 12073037824.000000
92 11878477824.000000
93 11687806976.000000
94 11500936192.000000
95 11317794816.000000
96 11138305024.000000
97 10962390016.000000
98 10789982208.000000
99 10621005824.000000
100 10455393280.000000
101 10293074944.000000
102 10133981184.000000
103 9978054656.000000
104 9825228800.000000
105 9675432960.000000
106 9528613888.000000
107 9384706048.000000
108 9243656192.000000
109 9105401856.000000
110 8969889792.000000
111 8837059584.000000
112 8706864128.000000
113 8579245056.000000
114 8454152192.000000
115 8331531776.000000
116 8211335680.000000
117 8093518848.000000
118 7978024960.000000
119 7864816640.000000
120 7753841152.000000
121 7645055488.000000
122 7538415104.000000
123 7433876992.000000
124 7331398144.000000
125 7230939648.000000
126 7132460544.000000
127 7035916288.000000
128 6941272576.000000
129 6848491008.000000
130 6757530624.000000
131 6668359680.000000
132 6580937728.000000
133 6495233024.000000
134 6411210240.000000
135 6328834560.000000
136 6248073728.000000
137 6168895488.000000
138 6091268096.000000
139 6015161344.000000
140 5940541952.000000
141 5867384320.000000
142 5795654656.000000
143 5725328384.000000
144 5656374272.000000
145 5588767744.000000
146 5522479104.000000
147 5457481728.000000
148 5393754112.000000
149 5331269120.000000
150 5269998592.000000
151 5209921536.000000
152 5151015424.000000
153 5093253120.000000
154 5036614144.000000
155 4981073920.000000
156 4926614528.000000
157 4873211392.000000
158 4820844032.000000
159 4769491968.000000
160 4719133696.000000
161 4669753856.000000
162 4621328896.000000
163 4573840384.000000
164 4527270912.000000
165 4481601536.000000
166 4436813824.000000
167 4392892928.000000
168 4349817344.000000
169 4307573760.000000
170 4266143232.000000
171 4225511936.000000
172 4185661952.000000
173 4146581248.000000
174 4108250624.000000
175 4070655744.000000
176 4033785088.000000
177 3997621504.000000
178 3962153984.000000
179 3927365120.000000
180 3893242880.000000
181 3859775232.000000
182 3826948352.000000
183 3794748160.000000
184 3763164160.000000
185 3732185344.000000
186 3701797888.000000
187 3671988992.000000
188 3642750464.000000
189 3614067712.000000
190 3585931520.000000
191 3558332928.000000
192 3531257856.000000
193 3504699392.000000
194 3478643200.000000
195 3453083904.000000
196 3428009216.000000
197 3403411456.000000
198 3379278848.000000
199 3355602944.000000
200 3332374528.000000
201 3309585408.000000
202 3287228928.000000
203 3265294336.000000
204 3243772672.000000
205 3222657536.000000
206 3201939712.000000
207 3181613824.000000
208 3161669888.000000
209 3142102272.000000
210 3122900992.000000
211 3104060672.000000
212 3085573376.000000
213 3067432704.000000
214 3049632256.000000
215 3032166400.000000
216 3015026432.000000
217 2998207232.000000
218 2981702144.000000
219 2965505280.000000
220 2949610240.000000
221 2934011136.000000
222 2918701824.000000
223 2903677952.000000
224 2888933376.000000
225 2874463744.000000
226 2860261120.000000
227 2846323200.000000
228 2832643584.000000
229 2819216384.000000
230 2806038272.000000
231 2793103104.000000
232 2780407040.000000
233 2767946240.000000
234 2755714304.000000
235 2743707648.000000
236 2731922176.000000
237 2720353280.000000
238 2708997120.000000
239 2697849344.000000
240 2686905856.000000
241 2676162816.000000
242 2665616896.000000
243 2655262464.000000
244 2645098752.000000
245 2635119104.000000
246 2625322240.000000
247 2615703296.000000
248 2606259968.000000
249 2596987648.000000
250 2587884544.000000
251 2578945024.000000
252 2570168832.000000
253 2561550848.000000
254 2553088256.000000
255 2544780032.000000
256 2536621312.000000
257 2528608512.000000
258 2520740608.000000
259 2513014528.000000
260 2505426688.000000
261 2497975296.000000
262 2490657536.000000
263 2483471104.000000
264 2476413440.000000
265 2469480960.000000
266 2462673408.000000
267 2455986176.000000
268 2449417472.000000
269 2442967296.000000
270 2436629760.000000
271 2430406144.000000
272 2424292608.000000
273 2418287360.000000
274 2412388096.000000
275 2406593536.000000
276 2400900352.000000
277 2395308032.000000
278 2389814016.000000
279 2384416256.000000
280 2379113472.000000
281 2373903360.000000
282 2368784384.000000
283 2363755520.000000
284 2358813952.000000
285 2353957888.000000
286 2349187328.000000
287 2344498944.000000
288 2339892736.000000
289 2335365376.000000
290 2330917120.000000
291 2326545152.000000
292 2322249984.000000
293 2318027008.000000
294 2313878528.000000
295 2309800192.000000
296 2305793024.000000
297 2301853440.000000
298 2297981952.000000
299 2294176768.000000
300 2290435840.000000
301 2286758144.000000
302 2283144704.000000
303 2279591936.000000
304 2276099584.000000
305 2272666112.000000
306 2269290752.000000
307 2265972992.000000
308 2262710272.000000
309 2259503104.000000
310 2256350208.000000
311 2253249792.000000
312 2250201600.000000
313 2247204096.000000
314 2244256000.000000
315 2241357824.000000
316 2238508032.000000
317 2235705600.000000
318 2232949760.000000
319 2230239232.000000
320 2227574272.000000
321 2224952320.000000
322 2222374400.000000
323 2219837952.000000
324 2217343744.000000
325 2214890496.000000
326 2212478464.000000
327 2210103808.000000
328 2207769088.000000
329 2205472512.000000
330 2203212800.000000
331 2200990208.000000
332 2198803456.000000
333 2196652288.000000
334 2194535424.000000
335 2192452608.000000
336 2190404352.000000
337 2188387584.000000
338 2186404096.000000
339 2184452096.000000
340 2182530816.000000
341 2180640768.000000
342 2178780160.000000
343 2176949504.000000
344 2175148032.000000
345 2173373952.000000
346 2171629056.000000
347 2169911040.000000
348 2168220160.000000
349 2166556672.000000
350 2164918528.000000
351 2163305984.000000
352 2161718016.000000
353 2160155648.000000
354 2158617344.000000
355 2157102848.000000
356 2155611648.000000
357 2154144000.000000
358 2152698624.000000
359 2151276288.000000
360 2149874944.000000
361 2148494592.000000
362 2147136640.000000
363 2145798400.000000
364 2144480640.000000
365 2143182848.000000
366 2141905536.000000
367 2140646784.000000
368 2139407616.000000
369 2138186240.000000
370 2136984832.000000
371 2135800320.000000
372 2134633600.000000
373 2133483648.000000
374 2132351744.000000
375 2131236096.000000
376 2130137984.000000
377 2129055104.000000
378 2127988608.000000
379 2126937984.000000
380 2125901696.000000
381 2124882304.000000
382 2123877248.000000
383 2122886784.000000
384 2121910784.000000
385 2120949248.000000
386 2120001024.000000
387 2119067136.000000
388 2118146816.000000
389 2117239424.000000
390 2116344576.000000
391 2115463936.000000
392 2114595200.000000
393 2113738496.000000
394 2112894208.000000
395 2112061952.000000
396 2111241856.000000
397 2110432768.000000
398 2109635712.000000
399 2108849152.000000
