0 6.737192
1 5.931593
2 5.901155
3 5.895229
4 5.890094
5 5.885005
6 5.879932
7 5.874880
8 5.869845
9 5.864827
10 5.859826
11 5.854847
12 5.849885
13 5.844937
14 5.840011
15 5.835102
16 5.830210
17 5.825336
18 5.820478
19 5.815640
20 5.810817
21 5.806013
22 5.801228
23 5.796456
24 5.791703
25 5.786968
26 5.782248
27 5.777548
28 5.772864
29 5.768194
30 5.763545
31 5.758909
32 5.754294
33 5.749692
34 5.745109
35 5.740541
36 5.735988
37 5.731454
38 5.726935
39 5.722435
40 5.717947
41 5.713478
42 5.709023
43 5.704586
44 5.700166
45 5.695758
46 5.691368
47 5.686995
48 5.682635
49 5.678293
50 5.673965
51 5.669654
52 5.665359
53 5.661078
54 5.656812
55 5.652562
56 5.648328
57 5.644110
58 5.639906
59 5.635717
60 5.631542
61 5.627384
62 5.623240
63 5.619112
64 5.614997
65 5.610897
66 5.606814
67 5.602744
68 5.598690
69 5.594650
70 5.590623
71 5.586613
72 5.582615
73 5.578633
74 5.574665
75 5.570710
76 5.566771
77 5.562844
78 5.558934
79 5.555038
80 5.551154
81 5.547285
82 5.543431
83 5.539588
84 5.535761
85 5.531947
86 5.528147
87 5.524360
88 5.520587
89 5.516829
90 5.513083
91 5.509350
92 5.505634
93 5.501929
94 5.498236
95 5.494558
96 5.490893
97 5.487240
98 5.483601
99 5.479975
100 5.476364
101 5.472764
102 5.469177
103 5.465602
104 5.462041
105 5.458494
106 5.454957
107 5.451435
108 5.447926
109 5.444428
110 5.440944
111 5.437472
112 5.434012
113 5.430564
114 5.427129
115 5.423707
116 5.420294
117 5.416898
118 5.413513
119 5.410141
120 5.406778
121 5.403429
122 5.400094
123 5.396768
124 5.393455
125 5.390152
126 5.386864
127 5.383586
128 5.380322
129 5.377068
130 5.373825
131 5.370595
132 5.367378
133 5.364169
134 5.360974
135 5.357790
136 5.354618
137 5.351455
138 5.348307
139 5.345168
140 5.342039
141 5.338924
142 5.335819
143 5.332726
144 5.329643
145 5.326571
146 5.323511
147 5.320462
148 5.317423
149 5.314398
150 5.311381
151 5.308376
152 5.305380
153 5.302397
154 5.299424
155 5.296462
156 5.293510
157 5.290567
158 5.287637
159 5.284718
160 5.281809
161 5.278911
162 5.276021
163 5.273144
164 5.270274
165 5.267418
166 5.264570
167 5.261733
168 5.258906
169 5.256091
170 5.253285
171 5.250487
172 5.247702
173 5.244925
174 5.242160
175 5.239403
176 5.236657
177 5.233921
178 5.231193
179 5.228477
180 5.225770
181 5.223074
182 5.220385
183 5.217710
184 5.215040
185 5.212381
186 5.209733
187 5.207094
188 5.204463
189 5.201846
190 5.199232
191 5.196630
192 5.194038
193 5.191456
194 5.188882
195 5.186318
196 5.183762
197 5.181217
198 5.178680
199 5.176153
200 5.173635
201 5.171125
202 5.168624
203 5.166132
204 5.163651
205 5.161177
206 5.158713
207 5.156258
208 5.153812
209 5.151374
210 5.148943
211 5.146524
212 5.144113
213 5.141710
214 5.139314
215 5.136929
216 5.134551
217 5.132184
218 5.129822
219 5.127470
220 5.125129
221 5.122794
222 5.120467
223 5.118151
224 5.115840
225 5.113539
226 5.111245
227 5.108962
228 5.106686
229 5.104418
230 5.102157
231 5.099904
232 5.097661
233 5.095425
234 5.093197
235 5.090980
236 5.088766
237 5.086564
238 5.084368
239 5.082179
240 5.080001
241 5.077827
242 5.075662
243 5.073508
244 5.071358
245 5.069216
246 5.067083
247 5.064957
248 5.062841
249 5.060731
250 5.058627
251 5.056533
252 5.054446
253 5.052364
254 5.050293
255 5.048227
256 5.046169
257 5.044119
258 5.042076
259 5.040043
260 5.038013
261 5.035992
262 5.033979
263 5.031972
264 5.029974
265 5.027982
266 5.025997
267 5.024019
268 5.022048
269 5.020085
270 5.018130
271 5.016179
272 5.014237
273 5.012303
274 5.010374
275 5.008452
276 5.006539
277 5.004630
278 5.002730
279 5.000836
280 4.998950
281 4.997070
282 4.995197
283 4.993330
284 4.991469
285 4.989615
286 4.987769
287 4.985930
288 4.984098
289 4.982270
290 4.980450
291 4.978638
292 4.976830
293 4.975030
294 4.973236
295 4.971449
296 4.969667
297 4.967893
298 4.966124
299 4.964363
300 4.962605
301 4.960855
302 4.959114
303 4.957378
304 4.955648
305 4.953922
306 4.952206
307 4.950493
308 4.948788
309 4.947088
310 4.945394
311 4.943709
312 4.942027
313 4.940352
314 4.938683
315 4.937019
316 4.935361
317 4.933712
318 4.932065
319 4.930427
320 4.928794
321 4.927167
322 4.925545
323 4.923930
324 4.922318
325 4.920714
326 4.919117
327 4.917523
328 4.915938
329 4.914356
330 4.912781
331 4.911211
332 4.909647
333 4.908088
334 4.906534
335 4.904988
336 4.903447
337 4.901909
338 4.900379
339 4.898855
340 4.897336
341 4.895822
342 4.894312
343 4.892808
344 4.891311
345 4.889818
346 4.888330
347 4.886849
348 4.885373
349 4.883903
350 4.882438
351 4.880977
352 4.879522
353 4.878071
354 4.876627
355 4.875186
356 4.873753
357 4.872323
358 4.870899
359 4.869481
360 4.868066
361 4.866658
362 4.865254
363 4.863856
364 4.862462
365 4.861073
366 4.859690
367 4.858311
368 4.856938
369 4.855568
370 4.854206
371 4.852847
372 4.851493
373 4.850142
374 4.848800
375 4.847460
376 4.846127
377 4.844796
378 4.843472
379 4.842152
380 4.840836
381 4.839525
382 4.838220
383 4.836919
384 4.835621
385 4.834330
386 4.833043
387 4.831760
388 4.830483
389 4.829209
390 4.827941
391 4.826675
392 4.825417
393 4.824160
394 4.822911
395 4.821664
396 4.820425
397 4.819186
398 4.817954
399 4.816724
400 4.815501
401 4.814281
402 4.813067
403 4.811857
404 4.810651
405 4.809449
406 4.808251
407 4.807058
408 4.805868
409 4.804685
410 4.803504
411 4.802327
412 4.801155
413 4.799989
414 4.798824
415 4.797665
416 4.796511
417 4.795359
418 4.794212
419 4.793069
420 4.791932
421 4.790797
422 4.789667
423 4.788539
424 4.787416
425 4.786300
426 4.785184
427 4.784075
428 4.782968
429 4.781867
430 4.780767
431 4.779674
432 4.778584
433 4.777498
434 4.776415
435 4.775337
436 4.774262
437 4.773191
438 4.772122
439 4.771061
440 4.770002
441 4.768947
442 4.767894
443 4.766846
444 4.765802
445 4.764762
446 4.763724
447 4.762692
448 4.761663
449 4.760638
450 4.759617
451 4.758598
452 4.757584
453 4.756571
454 4.755565
455 4.754563
456 4.753562
457 4.752564
458 4.751575
459 4.750587
460 4.749598
461 4.748619
462 4.747637
463 4.746665
464 4.745691
465 4.744724
466 4.743759
467 4.742798
468 4.741841
469 4.740886
470 4.739937
471 4.738990
472 4.738045
473 4.737104
474 4.736168
475 4.735233
476 4.734305
477 4.733377
478 4.732455
479 4.731535
480 4.730618
481 4.729704
482 4.728791
483 4.727886
484 4.726982
485 4.726082
486 4.725184
487 4.724291
488 4.723400
489 4.722512
490 4.721628
491 4.720745
492 4.719868
493 4.718992
494 4.718120
495 4.717253
496 4.716387
497 4.715524
498 4.714665
499 4.713810
500 4.712955
501 4.712106
502 4.711258
503 4.710416
504 4.709575
505 4.708735
506 4.707902
507 4.707070
508 4.706241
509 4.705415
510 4.704593
511 4.703773
512 4.702954
513 4.702141
514 4.701330
515 4.700522
516 4.699717
517 4.698914
518 4.698117
519 4.697320
520 4.696526
521 4.695735
522 4.694947
523 4.694161
524 4.693380
525 4.692600
526 4.691822
527 4.691050
528 4.690279
529 4.689510
530 4.688745
531 4.687982
532 4.687222
533 4.686464
534 4.685709
535 4.684958
536 4.684208
537 4.683461
538 4.682719
539 4.681977
540 4.681239
541 4.680504
542 4.679770
543 4.679040
544 4.678311
545 4.677587
546 4.676864
547 4.676143
548 4.675426
549 4.674711
550 4.673999
551 4.673291
552 4.672582
553 4.671878
554 4.671176
555 4.670475
556 4.669779
557 4.669085
558 4.668392
559 4.667703
560 4.667017
561 4.666331
562 4.665649
563 4.664970
564 4.664291
565 4.663617
566 4.662946
567 4.662276
568 4.661609
569 4.660944
570 4.660283
571 4.659621
572 4.658963
573 4.658307
574 4.657653
575 4.657003
576 4.656355
577 4.655709
578 4.655065
579 4.654422
580 4.653783
581 4.653149
582 4.652512
583 4.651880
584 4.651250
585 4.650623
586 4.649996
587 4.649375
588 4.648752
589 4.648136
590 4.647518
591 4.646904
592 4.646291
593 4.645681
594 4.645073
595 4.644468
596 4.643864
597 4.643263
598 4.642665
599 4.642067
600 4.641472
601 4.640881
602 4.640289
603 4.639701
604 4.639116
605 4.638532
606 4.637950
607 4.637371
608 4.636792
609 4.636218
610 4.635643
611 4.635071
612 4.634503
613 4.633936
614 4.633369
615 4.632805
616 4.632245
617 4.631685
618 4.631128
619 4.630573
620 4.630019
621 4.629469
622 4.628918
623 4.628372
624 4.627827
625 4.627282
626 4.626743
627 4.626202
628 4.625665
629 4.625128
630 4.624596
631 4.624065
632 4.623533
633 4.623007
634 4.622479
635 4.621955
636 4.621434
637 4.620913
638 4.620395
639 4.619877
640 4.619364
641 4.618851
642 4.618340
643 4.617830
644 4.617323
645 4.616818
646 4.616313
647 4.615811
648 4.615313
649 4.614814
650 4.614316
651 4.613821
652 4.613328
653 4.612837
654 4.612349
655 4.611861
656 4.611376
657 4.610889
658 4.610409
659 4.609929
660 4.609448
661 4.608972
662 4.608495
663 4.608022
664 4.607550
665 4.607081
666 4.606612
667 4.606144
668 4.605680
669 4.605216
670 4.604754
671 4.604294
672 4.603836
673 4.603378
674 4.602922
675 4.602469
676 4.602017
677 4.601566
678 4.601116
679 4.600670
680 4.600226
681 4.599781
682 4.599338
683 4.598899
684 4.598459
685 4.598019
686 4.597586
687 4.597151
688 4.596717
689 4.596287
690 4.595858
691 4.595427
692 4.595002
693 4.594577
694 4.594153
695 4.593731
696 4.593310
697 4.592891
698 4.592474
699 4.592059
700 4.591643
701 4.591230
702 4.590819
703 4.590409
704 4.590001
705 4.589593
706 4.589187
707 4.588783
708 4.588381
709 4.587978
710 4.587580
711 4.587181
712 4.586784
713 4.586389
714 4.585993
715 4.585601
716 4.585210
717 4.584821
718 4.584432
719 4.584045
720 4.583659
721 4.583276
722 4.582891
723 4.582510
724 4.582129
725 4.581751
726 4.581373
727 4.580998
728 4.580624
729 4.580251
730 4.579879
731 4.579508
732 4.579138
733 4.578770
734 4.578402
735 4.578039
736 4.577675
737 4.577311
738 4.576950
739 4.576590
740 4.576231
741 4.575874
742 4.575517
743 4.575162
744 4.574808
745 4.574455
746 4.574105
747 4.573756
748 4.573407
749 4.573059
750 4.572715
751 4.572369
752 4.572024
753 4.571682
754 4.571342
755 4.571001
756 4.570662
757 4.570326
758 4.569990
759 4.569654
760 4.569320
761 4.568987
762 4.568656
763 4.568326
764 4.567995
765 4.567667
766 4.567341
767 4.567017
768 4.566692
769 4.566370
770 4.566047
771 4.565727
772 4.565406
773 4.565088
774 4.564770
775 4.564455
776 4.564139
777 4.563826
778 4.563511
779 4.563199
780 4.562889
781 4.562579
782 4.562272
783 4.561964
784 4.561659
785 4.561354
786 4.561052
787 4.560747
788 4.560444
789 4.560144
790 4.559846
791 4.559546
792 4.559247
793 4.558953
794 4.558657
795 4.558362
796 4.558069
797 4.557777
798 4.557486
799 4.557196
800 4.556909
801 4.556620
802 4.556332
803 4.556046
804 4.555763
805 4.555479
806 4.555194
807 4.554913
808 4.554634
809 4.554354
810 4.554074
811 4.553795
812 4.553520
813 4.553245
814 4.552970
815 4.552695
816 4.552422
817 4.552152
818 4.551880
819 4.551612
820 4.551342
821 4.551074
822 4.550807
823 4.550542
824 4.550276
825 4.550013
826 4.549749
827 4.549488
828 4.549225
829 4.548967
830 4.548707
831 4.548448
832 4.548192
833 4.547933
834 4.547679
835 4.547425
836 4.547171
837 4.546918
838 4.546665
839 4.546414
840 4.546164
841 4.545915
842 4.545666
843 4.545418
844 4.545171
845 4.544927
846 4.544682
847 4.544437
848 4.544195
849 4.543952
850 4.543711
851 4.543471
852 4.543232
853 4.542993
854 4.542756
855 4.542520
856 4.542282
857 4.542047
858 4.541812
859 4.541579
860 4.541347
861 4.541115
862 4.540883
863 4.540652
864 4.540425
865 4.540195
866 4.539967
867 4.539741
868 4.539515
869 4.539289
870 4.539065
871 4.538841
872 4.538617
873 4.538396
874 4.538173
875 4.537954
876 4.537735
877 4.537516
878 4.537297
879 4.537082
880 4.536864
881 4.536647
882 4.536433
883 4.536220
884 4.536006
885 4.535792
886 4.535582
887 4.535369
888 4.535159
889 4.534951
890 4.534742
891 4.534534
892 4.534327
893 4.534120
894 4.533914
895 4.533710
896 4.533505
897 4.533300
898 4.533098
899 4.532896
900 4.532694
901 4.532493
902 4.532292
903 4.532095
904 4.531895
905 4.531697
906 4.531500
907 4.531304
908 4.531109
909 4.530913
910 4.530718
911 4.530525
912 4.530333
913 4.530140
914 4.529950
915 4.529759
916 4.529567
917 4.529379
918 4.529189
919 4.529000
920 4.528814
921 4.528628
922 4.528442
923 4.528255
924 4.528073
925 4.527887
926 4.527703
927 4.527522
928 4.527339
929 4.527158
930 4.526977
931 4.526795
932 4.526618
933 4.526439
934 4.526261
935 4.526083
936 4.525905
937 4.525729
938 4.525554
939 4.525380
940 4.525204
941 4.525032
942 4.524857
943 4.524685
944 4.524514
945 4.524342
946 4.524172
947 4.524001
948 4.523833
949 4.523663
950 4.523496
951 4.523329
952 4.523160
953 4.522994
954 4.522829
955 4.522664
956 4.522498
957 4.522334
958 4.522171
959 4.522009
960 4.521847
961 4.521685
962 4.521523
963 4.521362
964 4.521205
965 4.521045
966 4.520885
967 4.520728
968 4.520570
969 4.520411
970 4.520256
971 4.520099
972 4.519944
973 4.519790
974 4.519636
975 4.519482
976 4.519328
977 4.519177
978 4.519024
979 4.518872
980 4.518723
981 4.518572
982 4.518422
983 4.518272
984 4.518122
985 4.517975
986 4.517828
987 4.517681
988 4.517535
989 4.517388
990 4.517242
991 4.517097
992 4.516953
993 4.516809
994 4.516666
995 4.516521
996 4.516379
997 4.516237
998 4.516097
999 4.515955
1000 4.515815
1001 4.515676
1002 4.515535
1003 4.515398
1004 4.515258
1005 4.515121
1006 4.514983
1007 4.514846
1008 4.514709
1009 4.514573
1010 4.514438
1011 4.514304
1012 4.514169
1013 4.514035
1014 4.513902
1015 4.513768
1016 4.513635
1017 4.513505
1018 4.513372
1019 4.513240
1020 4.513111
1021 4.512979
1022 4.512851
1023 4.512721
1024 4.512592
1025 4.512465
1026 4.512337
1027 4.512209
1028 4.512084
1029 4.511955
1030 4.511829
1031 4.511703
1032 4.511580
1033 4.511455
1034 4.511330
1035 4.511205
1036 4.511084
1037 4.510960
1038 4.510838
1039 4.510716
1040 4.510594
1041 4.510473
1042 4.510352
1043 4.510232
1044 4.510112
1045 4.509992
1046 4.509874
1047 4.509756
1048 4.509636
1049 4.509520
1050 4.509402
1051 4.509286
1052 4.509169
1053 4.509054
1054 4.508936
1055 4.508823
1056 4.508708
1057 4.508594
1058 4.508479
1059 4.508367
1060 4.508253
1061 4.508141
1062 4.508028
1063 4.507915
1064 4.507804
1065 4.507694
1066 4.507584
1067 4.507473
1068 4.507363
1069 4.507254
1070 4.507143
1071 4.507037
1072 4.506928
1073 4.506820
1074 4.506713
1075 4.506606
1076 4.506498
1077 4.506392
1078 4.506287
1079 4.506181
1080 4.506074
1081 4.505970
1082 4.505866
1083 4.505761
1084 4.505660
1085 4.505555
1086 4.505452
1087 4.505350
1088 4.505248
1089 4.505143
1090 4.505044
1091 4.504943
1092 4.504844
1093 4.504740
1094 4.504642
1095 4.504541
1096 4.504442
1097 4.504344
1098 4.504245
1099 4.504147
1100 4.504047
1101 4.503951
1102 4.503854
1103 4.503757
1104 4.503661
1105 4.503564
1106 4.503469
1107 4.503372
1108 4.503279
1109 4.503184
1110 4.503089
1111 4.502995
1112 4.502902
1113 4.502808
1114 4.502716
1115 4.502622
1116 4.502529
1117 4.502437
1118 4.502346
1119 4.502254
1120 4.502164
1121 4.502073
1122 4.501983
1123 4.501892
1124 4.501802
1125 4.501712
1126 4.501624
1127 4.501535
1128 4.501447
1129 4.501359
1130 4.501271
1131 4.501183
1132 4.501097
1133 4.501009
1134 4.500923
1135 4.500836
1136 4.500750
1137 4.500666
1138 4.500579
1139 4.500494
1140 4.500409
1141 4.500325
1142 4.500242
1143 4.500157
1144 4.500074
1145 4.499991
1146 4.499907
1147 4.499825
1148 4.499743
1149 4.499660
1150 4.499578
1151 4.499499
1152 4.499416
1153 4.499336
1154 4.499256
1155 4.499175
1156 4.499093
1157 4.499014
1158 4.498936
1159 4.498857
1160 4.498777
1161 4.498697
1162 4.498621
1163 4.498543
1164 4.498466
1165 4.498386
1166 4.498310
1167 4.498232
1168 4.498157
1169 4.498082
1170 4.498004
1171 4.497929
1172 4.497853
1173 4.497778
1174 4.497704
1175 4.497629
1176 4.497554
1177 4.497480
1178 4.497406
1179 4.497332
1180 4.497259
1181 4.497187
1182 4.497112
1183 4.497041
1184 4.496968
1185 4.496897
1186 4.496825
1187 4.496753
1188 4.496682
1189 4.496611
1190 4.496540
1191 4.496470
1192 4.496399
1193 4.496329
1194 4.496260
1195 4.496192
1196 4.496122
1197 4.496052
1198 4.495983
1199 4.495915
1200 4.495846
1201 4.495780
1202 4.495712
1203 4.495644
1204 4.495576
1205 4.495510
1206 4.495442
1207 4.495376
1208 4.495310
1209 4.495245
1210 4.495177
1211 4.495111
1212 4.495047
1213 4.494981
1214 4.494916
1215 4.494852
1216 4.494789
1217 4.494725
1218 4.494659
1219 4.494597
1220 4.494532
1221 4.494469
1222 4.494407
1223 4.494343
1224 4.494280
1225 4.494217
1226 4.494155
1227 4.494095
1228 4.494032
1229 4.493971
1230 4.493910
1231 4.493849
1232 4.493789
1233 4.493725
1234 4.493667
1235 4.493605
1236 4.493546
1237 4.493488
1238 4.493428
1239 4.493369
1240 4.493309
1241 4.493251
1242 4.493191
1243 4.493133
1244 4.493075
1245 4.493019
1246 4.492959
1247 4.492903
1248 4.492845
1249 4.492789
1250 4.492730
1251 4.492674
1252 4.492617
1253 4.492560
1254 4.492505
1255 4.492448
1256 4.492392
1257 4.492338
1258 4.492284
1259 4.492227
1260 4.492174
1261 4.492119
1262 4.492063
1263 4.492008
1264 4.491953
1265 4.491899
1266 4.491846
1267 4.491793
1268 4.491741
1269 4.491686
1270 4.491632
1271 4.491581
1272 4.491527
1273 4.491476
1274 4.491424
1275 4.491371
1276 4.491320
1277 4.491267
1278 4.491216
1279 4.491164
1280 4.491112
1281 4.491063
1282 4.491013
1283 4.490960
1284 4.490911
1285 4.490861
1286 4.490811
1287 4.490761
1288 4.490711
1289 4.490661
1290 4.490613
1291 4.490563
1292 4.490514
1293 4.490466
1294 4.490418
1295 4.490368
1296 4.490319
1297 4.490272
1298 4.490225
1299 4.490175
1300 4.490129
1301 4.490080
1302 4.490036
1303 4.489986
1304 4.489940
1305 4.489894
1306 4.489847
1307 4.489802
1308 4.489754
1309 4.489709
1310 4.489663
1311 4.489617
1312 4.489574
1313 4.489525
1314 4.489480
1315 4.489435
1316 4.489391
1317 4.489345
1318 4.489301
1319 4.489257
1320 4.489213
1321 4.489169
1322 4.489125
1323 4.489081
1324 4.489038
1325 4.488995
1326 4.488952
1327 4.488907
1328 4.488864
1329 4.488821
1330 4.488778
1331 4.488737
1332 4.488694
1333 4.488654
1334 4.488610
1335 4.488568
1336 4.488527
1337 4.488484
1338 4.488443
1339 4.488401
1340 4.488359
1341 4.488320
1342 4.488279
1343 4.488237
1344 4.488196
1345 4.488156
1346 4.488116
1347 4.488077
1348 4.488037
1349 4.487997
1350 4.487957
1351 4.487917
1352 4.487878
1353 4.487839
1354 4.487799
1355 4.487761
1356 4.487721
1357 4.487683
1358 4.487644
1359 4.487606
1360 4.487568
1361 4.487530
1362 4.487491
1363 4.487453
1364 4.487415
1365 4.487380
1366 4.487340
1367 4.487303
1368 4.487266
1369 4.487230
1370 4.487191
1371 4.487155
1372 4.487119
1373 4.487082
1374 4.487045
1375 4.487009
1376 4.486972
1377 4.486937
1378 4.486900
1379 4.486865
1380 4.486830
1381 4.486795
1382 4.486761
1383 4.486723
1384 4.486689
1385 4.486653
1386 4.486619
1387 4.486585
1388 4.486549
1389 4.486515
1390 4.486480
1391 4.486447
1392 4.486412
1393 4.486379
1394 4.486345
1395 4.486311
1396 4.486276
1397 4.486242
1398 4.486210
1399 4.486176
1400 4.486144
1401 4.486111
1402 4.486077
1403 4.486045
1404 4.486011
1405 4.485981
1406 4.485947
1407 4.485915
1408 4.485882
1409 4.485850
1410 4.485818
1411 4.485787
1412 4.485754
1413 4.485723
1414 4.485691
1415 4.485659
1416 4.485628
1417 4.485598
1418 4.485566
1419 4.485535
1420 4.485504
1421 4.485476
1422 4.485444
1423 4.485413
1424 4.485384
1425 4.485353
1426 4.485322
1427 4.485292
1428 4.485263
1429 4.485232
1430 4.485203
1431 4.485173
1432 4.485143
1433 4.485116
1434 4.485085
1435 4.485056
1436 4.485027
1437 4.484998
1438 4.484969
1439 4.484938
1440 4.484910
1441 4.484883
1442 4.484852
1443 4.484826
1444 4.484795
1445 4.484767
1446 4.484741
1447 4.484713
1448 4.484685
1449 4.484657
1450 4.484629
1451 4.484601
1452 4.484573
1453 4.484545
1454 4.484520
1455 4.484492
1456 4.484465
1457 4.484437
1458 4.484411
1459 4.484384
1460 4.484357
1461 4.484332
1462 4.484304
1463 4.484279
1464 4.484251
1465 4.484227
1466 4.484200
1467 4.484172
1468 4.484147
1469 4.484120
1470 4.484094
1471 4.484070
1472 4.484044
1473 4.484020
1474 4.483994
1475 4.483968
1476 4.483943
1477 4.483919
1478 4.483892
1479 4.483869
1480 4.483843
1481 4.483819
1482 4.483795
1483 4.483769
1484 4.483746
1485 4.483721
1486 4.483696
1487 4.483673
1488 4.483649
1489 4.483624
1490 4.483600
1491 4.483577
1492 4.483554
1493 4.483530
1494 4.483506
1495 4.483482
1496 4.483458
1497 4.483434
1498 4.483412
1499 4.483389
