6.110100 17.591999 3.496299
5.527700 9.130200 2.817009
8.518600 13.662000 6.305484
7.003200 11.854000 4.537977
5.859800 6.823300 3.204358
8.382900 11.886000 6.147208
7.476400 4.348300 5.089900
8.578100 12.000000 6.374882
6.486200 6.598700 3.934968
5.054600 3.816600 2.265203
5.710700 3.252200 3.030454
14.164000 15.505000 12.890066
5.734000 3.155100 3.057630
8.408400 7.225800 6.176950
5.640700 0.716180 2.948808
5.379400 3.512900 2.644037
6.365400 5.304800 3.794071
5.130100 0.560770 2.353264
6.429600 3.651800 3.868952
7.070800 5.389300 4.616823
6.189100 3.138600 3.588442
20.270000 21.767000 20.011875
5.490100 4.263000 2.773154
6.326100 5.187500 3.748233
5.564900 3.082500 2.860398
18.945000 22.638000 18.466444
12.828000 13.501000 11.331805
10.957000 7.046700 9.149541
13.176000 14.692000 11.737700
22.202999 24.146999 22.266453
5.252400 -1.220000 2.495910
6.589400 5.996600 4.055336
9.248200 12.134000 7.156462
5.891800 1.849500 3.241682
8.211100 6.542600 5.946826
7.933400 4.562300 5.622928
8.095900 4.116400 5.812461
5.606300 3.392800 2.908685
12.836000 10.117000 11.341137
6.353400 5.497400 3.780075
5.406900 0.556570 2.676113
6.882500 3.911500 4.397198
11.708000 5.385400 10.025479
5.773700 2.440600 3.103935
7.824700 6.731800 5.496143
7.093100 1.046300 4.642833
5.070200 5.133700 2.283398
5.801400 1.844000 3.136243
11.700000 8.004300 10.016149
5.541600 1.017900 2.833222
7.540200 6.750400 5.164314
5.307700 1.839600 2.560410
7.423900 4.288500 5.028666
7.603100 4.998100 5.237678
6.332800 1.423300 3.756048
6.358900 -1.421100 3.786490
6.274200 2.475600 3.687699
5.639700 4.604200 2.947642
9.310200 3.962400 7.228775
9.453600 5.414100 7.396031
8.825400 5.169400 6.663323
5.179300 -0.742790 2.410649
21.278999 17.929001 21.188734
14.908000 12.054000 13.757839
18.959000 17.054001 18.482773
7.218200 4.885200 4.788745
8.295100 5.744200 6.044801
10.236000 7.775400 8.308594
5.499400 1.017300 2.784002
20.341000 20.992001 20.094687
10.136000 6.679900 8.191957
7.334500 4.025900 4.924393
6.006200 1.278400 3.375114
7.225900 3.341100 4.797727
5.026900 -2.680700 2.232895
6.547900 0.296780 4.006933
7.538600 3.884500 5.162448
5.036500 5.701400 2.244092
10.274000 6.752600 8.352916
5.107700 2.057600 2.327137
5.729200 0.479530 3.052031
5.188400 0.204210 2.421263
6.355700 0.678610 3.782758
9.768700 7.543500 7.763553
6.515900 5.343600 3.969609
8.517200 4.241500 6.303850
9.180200 6.798100 7.077147
6.002000 0.926950 3.370215
5.520400 0.152000 2.808495
5.059400 2.821400 2.270802
5.707700 1.845100 3.026954
7.636600 4.295900 5.276752
5.870700 7.202900 3.217072
5.305400 1.986900 2.557727
8.293400 0.144540 6.042818
13.394000 9.055100 11.991967
5.436900 0.617050 2.711104
