0.058391 0.653288
0.062892 0.770010
0.057823 0.791348
0.051064 0.795730
0.044014 0.797096
0.036924 0.797926
0.029837 0.798658
0.022761 0.799373
0.015698 0.800083
0.008647 0.800792
0.001609 0.801499
-0.005417 0.802204
-0.012429 0.802909
-0.019429 0.803612
-0.026417 0.804314
-0.033392 0.805015
-0.040354 0.805714
-0.047304 0.806412
-0.054241 0.807109
-0.061166 0.807805
-0.068078 0.808499
-0.074978 0.809193
-0.081865 0.809884
-0.088740 0.810575
-0.095603 0.811265
-0.102453 0.811953
-0.109291 0.812640
-0.116116 0.813325
-0.122930 0.814010
-0.129731 0.814693
-0.136519 0.815375
-0.143296 0.816056
-0.150060 0.816735
-0.156812 0.817414
-0.163552 0.818091
-0.170279 0.818767
-0.176995 0.819441
-0.183699 0.820115
-0.190390 0.820787
-0.197069 0.821458
-0.203737 0.822128
-0.210392 0.822796
-0.217035 0.823464
-0.223666 0.824130
-0.230286 0.824795
-0.236893 0.825459
-0.243489 0.826121
-0.250072 0.826783
-0.256644 0.827443
-0.263204 0.828102
-0.269752 0.828760
-0.276288 0.829416
-0.282813 0.830072
-0.289325 0.830726
-0.295826 0.831379
-0.302316 0.832031
-0.308793 0.832682
-0.315259 0.833331
-0.321713 0.833980
-0.328156 0.834627
-0.334587 0.835273
-0.341006 0.835918
-0.347414 0.836562
-0.353810 0.837204
-0.360195 0.837846
-0.366568 0.838486
-0.372930 0.839125
-0.379280 0.839763
-0.385619 0.840400
-0.391947 0.841036
-0.398263 0.841670
-0.404567 0.842303
-0.410860 0.842936
-0.417142 0.843567
-0.423413 0.844197
-0.429672 0.844825
-0.435920 0.845453
-0.442157 0.846080
-0.448382 0.846705
-0.454597 0.847329
-0.460800 0.847953
-0.466992 0.848575
-0.473172 0.849195
-0.479342 0.849815
-0.485500 0.850434
-0.491648 0.851052
-0.497784 0.851668
-0.503909 0.852283
-0.510023 0.852898
-0.516127 0.853511
-0.522219 0.854123
-0.528300 0.854734
-0.534370 0.855344
-0.540429 0.855952
-0.546478 0.856560
-0.552515 0.857166
-0.558542 0.857772
-0.564557 0.858376
-0.570562 0.858979
-0.576556 0.859582
-0.582540 0.860183
-0.588512 0.860783
-0.594474 0.861382
-0.600425 0.861979
-0.606365 0.862576
-0.612294 0.863172
-0.618213 0.863766
-0.624121 0.864360
-0.630019 0.864952
-0.635906 0.865544
-0.641782 0.866134
-0.647647 0.866723
-0.653503 0.867312
-0.659347 0.867899
-0.665181 0.868485
-0.671005 0.869070
-0.676817 0.869654
-0.682620 0.870237
-0.688412 0.870819
-0.694194 0.871399
-0.699965 0.871979
-0.705726 0.872558
-0.711476 0.873136
-0.717216 0.873712
-0.722946 0.874288
-0.728665 0.874862
-0.734374 0.875436
-0.740073 0.876009
-0.745761 0.876580
-0.751439 0.877150
-0.757107 0.877720
-0.762765 0.878288
-0.768413 0.878856
-0.774050 0.879422
-0.779677 0.879987
-0.785294 0.880552
-0.790901 0.881115
-0.796498 0.881677
-0.802085 0.882238
-0.807662 0.882799
-0.813228 0.883358
-0.818785 0.883916
-0.824331 0.884473
-0.829868 0.885029
-0.835395 0.885585
-0.840911 0.886139
-0.846418 0.886692
-0.851915 0.887244
-0.857402 0.887796
-0.862879 0.888346
-0.868346 0.888895
-0.873803 0.889443
-0.879250 0.889990
-0.884688 0.890537
-0.890116 0.891082
-0.895534 0.891626
-0.900942 0.892170
-0.906340 0.892712
-0.911729 0.893253
-0.917108 0.893794
-0.922477 0.894333
-0.927837 0.894872
-0.933187 0.895409
-0.938527 0.895945
-0.943858 0.896481
-0.949179 0.897016
-0.954491 0.897549
-0.959793 0.898082
-0.965085 0.898614
-0.970368 0.899144
-0.975641 0.899674
-0.980905 0.900203
-0.986160 0.900731
-0.991404 0.901258
-0.996640 0.901783
-1.001866 0.902309
-1.007082 0.902833
-1.012290 0.903356
-1.017487 0.903878
-1.022676 0.904399
-1.027855 0.904919
-1.033025 0.905439
-1.038185 0.905957
-1.043336 0.906475
-1.048478 0.906991
-1.053610 0.907507
-1.058734 0.908022
-1.063848 0.908535
-1.068953 0.909048
-1.074048 0.909560
-1.079135 0.910071
-1.084212 0.910581
-1.089280 0.911090
-1.094339 0.911598
-1.099389 0.912106
-1.104430 0.912612
-1.109461 0.913118
-1.114484 0.913622
-1.119498 0.914126
-1.124502 0.914629
-1.129498 0.915130
-1.134484 0.915631
-1.139462 0.916131
-1.144430 0.916631
-1.149390 0.917129
-1.154340 0.917626
-1.159282 0.918123
-1.164215 0.918618
-1.169139 0.919113
-1.174054 0.919607
-1.178960 0.920099
-1.183857 0.920591
-1.188746 0.921083
-1.193625 0.921573
-1.198496 0.922062
-1.203358 0.922551
-1.208212 0.923038
-1.213056 0.923525
-1.217892 0.924011
-1.222719 0.924496
-1.227538 0.924980
-1.232347 0.925463
-1.237149 0.925945
-1.241941 0.926427
-1.246725 0.926907
-1.251500 0.927387
-1.256266 0.927866
-1.261024 0.928344
-1.265774 0.928821
-1.270515 0.929297
-1.275247 0.929773
-1.279971 0.930247
-1.284686 0.930721
-1.289393 0.931194
-1.294091 0.931666
-1.298781 0.932137
-1.303462 0.932607
-1.308135 0.933077
-1.312799 0.933545
-1.317456 0.934013
-1.322103 0.934480
-1.326743 0.934946
-1.331373 0.935411
-1.335996 0.935875
-1.340610 0.936339
-1.345216 0.936802
-1.349814 0.937264
-1.354403 0.937725
-1.358984 0.938185
-1.363557 0.938644
-1.368122 0.939103
-1.372678 0.939561
-1.377226 0.940018
-1.381766 0.940474
-1.386298 0.940929
-1.390821 0.941383
-1.395337 0.941837
-1.399844 0.942290
-1.404343 0.942742
-1.408834 0.943193
-1.413317 0.943643
-1.417792 0.944093
-1.422259 0.944542
-1.426718 0.944990
-1.431169 0.945437
-1.435611 0.945883
-1.440046 0.946328
-1.444473 0.946773
-1.448891 0.947217
-1.453302 0.947660
-1.457705 0.948102
-1.462100 0.948544
-1.466487 0.948985
-1.470866 0.949425
-1.475237 0.949864
-1.479600 0.950302
-1.483956 0.950740
-1.488303 0.951176
-1.492643 0.951612
-1.496975 0.952048
-1.501299 0.952482
-1.505615 0.952916
-1.509924 0.953348
-1.514224 0.953781
-1.518517 0.954212
-1.522803 0.954642
-1.527080 0.955072
-1.531350 0.955501
-1.535612 0.955929
-1.539866 0.956356
-1.544113 0.956783
-1.548352 0.957209
-1.552584 0.957634
-1.556808 0.958058
-1.561024 0.958482
-1.565232 0.958905
-1.569433 0.959327
-1.573627 0.959748
-1.577813 0.960169
-1.581991 0.960588
-1.586162 0.961007
-1.590325 0.961426
-1.594481 0.961843
-1.598629 0.962260
-1.602770 0.962676
-1.606904 0.963091
-1.611030 0.963506
-1.615148 0.963919
-1.619259 0.964332
-1.623363 0.964745
-1.627459 0.965156
-1.631548 0.965567
-1.635629 0.965977
-1.639703 0.966386
-1.643770 0.966795
-1.647830 0.967203
-1.651882 0.967610
-1.655927 0.968016
-1.659964 0.968422
-1.663994 0.968827
-1.668017 0.969231
-1.672033 0.969634
-1.676042 0.970037
-1.680043 0.970439
-1.684037 0.970840
-1.688024 0.971241
-1.692004 0.971640
-1.695976 0.972039
-1.699942 0.972438
-1.703900 0.972835
-1.707851 0.973232
-1.711795 0.973629
-1.715732 0.974024
-1.719661 0.974419
-1.723584 0.974813
-1.727500 0.975206
-1.731408 0.975599
-1.735310 0.975991
-1.739204 0.976382
-1.743091 0.976773
-1.746972 0.977163
-1.750845 0.977552
-1.754712 0.977940
-1.758571 0.978328
-1.762424 0.978715
-1.766269 0.979101
-1.770108 0.979487
-1.773940 0.979872
-1.777765 0.980256
-1.781582 0.980640
-1.785393 0.981022
-1.789198 0.981405
-1.792995 0.981786
-1.796785 0.982167
-1.800569 0.982547
-1.804346 0.982926
-1.808116 0.983305
-1.811879 0.983683
-1.815636 0.984060
-1.819385 0.984437
-1.823128 0.984813
-1.826864 0.985189
-1.830594 0.985563
-1.834316 0.985937
-1.838032 0.986310
-1.841742 0.986683
-1.845444 0.987055
-1.849140 0.987426
-1.852830 0.987797
-1.856512 0.988167
-1.860188 0.988536
-1.863858 0.988905
-1.867520 0.989273
-1.871176 0.989640
-1.874826 0.990007
-1.878469 0.990373
-1.882105 0.990738
-1.885735 0.991103
-1.889358 0.991467
-1.892975 0.991830
-1.896585 0.992193
-1.900189 0.992555
-1.903786 0.992916
-1.907377 0.993277
-1.910961 0.993637
-1.914539 0.993996
-1.918111 0.994355
-1.921676 0.994713
-1.925234 0.995071
-1.928786 0.995428
-1.932332 0.995784
-1.935871 0.996139
-1.939404 0.996494
-1.942931 0.996849
-1.946451 0.997202
-1.949965 0.997555
-1.953472 0.997908
-1.956973 0.998259
-1.960468 0.998610
-1.963957 0.998961
-1.967439 0.999311
-1.970915 0.999660
-1.974385 1.000009
-1.977848 1.000357
-1.981306 1.000704
-1.984757 1.001050
-1.988201 1.001397
-1.991640 1.001742
-1.995072 1.002087
-1.998499 1.002431
-2.001919 1.002775
-2.005332 1.003118
-2.008740 1.003460
-2.012142 1.003802
-2.015537 1.004143
-2.018927 1.004483
-2.022310 1.004823
-2.025687 1.005162
-2.029058 1.005501
-2.032423 1.005839
-2.035782 1.006177
-2.039135 1.006513
-2.042481 1.006850
-2.045822 1.007185
-2.049157 1.007520
-2.052486 1.007855
-2.055808 1.008188
-2.059125 1.008522
-2.062436 1.008854
-2.065740 1.009186
-2.069039 1.009518
-2.072332 1.009848
-2.075619 1.010179
-2.078900 1.010508
-2.082175 1.010837
-2.085444 1.011166
-2.088707 1.011494
-2.091965 1.011821
-2.095217 1.012147
-2.098462 1.012473
-2.101702 1.012799
-2.104936 1.013124
-2.108164 1.013448
-2.111387 1.013772
-2.114603 1.014095
-2.117814 1.014418
-2.121019 1.014740
-2.124218 1.015061
-2.127411 1.015382
-2.130599 1.015702
-2.133781 1.016022
-2.136957 1.016341
-2.140128 1.016659
-2.143292 1.016977
-2.146451 1.017295
-2.149605 1.017611
-2.152752 1.017928
-2.155894 1.018243
-2.159031 1.018558
-2.162161 1.018873
-2.165286 1.019187
-2.168406 1.019500
-2.171520 1.019813
-2.174628 1.020125
-2.177730 1.020437
-2.180827 1.020748
-2.183919 1.021059
-2.187005 1.021369
-2.190085 1.021678
-2.193159 1.021987
-2.196229 1.022295
-2.199292 1.022603
-2.202350 1.022910
-2.205403 1.023217
-2.208450 1.023523
-2.211491 1.023829
-2.214527 1.024134
-2.217558 1.024438
-2.220583 1.024742
-2.223603 1.025045
-2.226617 1.025348
-2.229626 1.025650
-2.232629 1.025952
-2.235627 1.026253
-2.238620 1.026554
-2.241607 1.026854
-2.244589 1.027153
-2.247565 1.027453
-2.250536 1.027751
-2.253502 1.028049
-2.256463 1.028346
-2.259418 1.028643
-2.262367 1.028940
-2.265312 1.029235
-2.268251 1.029531
-2.271184 1.029825
-2.274113 1.030120
-2.277036 1.030413
-2.279954 1.030706
-2.282867 1.030999
-2.285774 1.031291
-2.288677 1.031583
-2.291574 1.031874
-2.294466 1.032164
-2.297352 1.032454
-2.300233 1.032744
-2.303109 1.033033
-2.305980 1.033321
-2.308846 1.033609
-2.311707 1.033896
-2.314562 1.034183
-2.317413 1.034469
-2.320258 1.034755
-2.323098 1.035041
-2.325933 1.035325
-2.328762 1.035610
-2.331587 1.035893
-2.334407 1.036177
-2.337221 1.036459
-2.340031 1.036742
-2.342835 1.037023
-2.345634 1.037305
-2.348428 1.037585
-2.351218 1.037866
-2.354002 1.038145
-2.356781 1.038424
-2.359555 1.038703
-2.362325 1.038981
-2.365089 1.039259
-2.367848 1.039536
-2.370602 1.039813
-2.373352 1.040089
-2.376096 1.040365
-2.378835 1.040640
-2.381570 1.040915
-2.384299 1.041189
-2.387024 1.041463
-2.389744 1.041736
-2.392458 1.042009
-2.395168 1.042281
-2.397873 1.042553
-2.400573 1.042824
-2.403269 1.043095
-2.405959 1.043365
-2.408645 1.043635
-2.411325 1.043904
-2.414001 1.044173
-2.416672 1.044441
-2.419338 1.044709
-2.422000 1.044976
-2.424657 1.045243
-2.427309 1.045510
-2.429956 1.045776
-2.432598 1.046041
-2.435236 1.046306
-2.437869 1.046571
-2.440497 1.046835
-2.443120 1.047098
-2.445739 1.047361
-2.448352 1.047624
-2.450961 1.047886
-2.453566 1.048148
-2.456166 1.048409
-2.458760 1.048669
-2.461351 1.048930
-2.463937 1.049189
-2.466518 1.049449
-2.469094 1.049708
-2.471666 1.049966
-2.474233 1.050224
-2.476795 1.050481
-2.479353 1.050738
-2.481906 1.050995
-2.484455 1.051251
-2.486999 1.051506
-2.489539 1.051761
-2.492074 1.052016
-2.494604 1.052270
-2.497130 1.052524
-2.499651 1.052777
-2.502168 1.053030
-2.504680 1.053282
-2.507188 1.053534
-2.509691 1.053786
-2.512189 1.054037
-2.514683 1.054287
-2.517173 1.054538
-2.519658 1.054787
-2.522139 1.055036
-2.524615 1.055285
-2.527086 1.055533
-2.529554 1.055781
-2.532017 1.056029
-2.534475 1.056276
-2.536929 1.056522
-2.539378 1.056768
-2.541823 1.057014
-2.544264 1.057259
-2.546700 1.057504
-2.549132 1.057748
-2.551559 1.057992
-2.553982 1.058236
-2.556401 1.058478
-2.558816 1.058721
-2.561226 1.058963
-2.563631 1.059205
-2.566033 1.059446
-2.568430 1.059687
-2.570822 1.059927
-2.573211 1.060167
-2.575595 1.060407
-2.577975 1.060646
-2.580350 1.060884
-2.582721 1.061123
-2.585088 1.061360
-2.587451 1.061598
-2.589809 1.061835
-2.592163 1.062071
-2.594513 1.062307
-2.596859 1.062543
-2.599200 1.062778
-2.601537 1.063013
-2.603870 1.063247
-2.606199 1.063481
-2.608524 1.063715
-2.610844 1.063948
-2.613160 1.064180
-2.615472 1.064413
-2.617780 1.064645
-2.620084 1.064876
-2.622384 1.065107
-2.624679 1.065338
-2.626970 1.065568
-2.629257 1.065798
-2.631541 1.066027
-2.633819 1.066256
-2.636094 1.066484
-2.638365 1.066713
-2.640631 1.066940
-2.642894 1.067168
-2.645153 1.067394
-2.647407 1.067621
-2.649657 1.067847
-2.651904 1.068073
-2.654146 1.068298
-2.656384 1.068523
-2.658618 1.068747
-2.660848 1.068971
-2.663074 1.069195
-2.665297 1.069418
-2.667515 1.069641
-2.669729 1.069863
-2.671939 1.070085
-2.674145 1.070307
-2.676347 1.070528
-2.678545 1.070749
-2.680739 1.070969
-2.682929 1.071190
-2.685116 1.071409
-2.687298 1.071628
-2.689476 1.071847
-2.691651 1.072066
-2.693821 1.072284
-2.695988 1.072501
-2.698151 1.072719
-2.700310 1.072936
-2.702465 1.073152
-2.704616 1.073368
-2.706763 1.073584
-2.708906 1.073799
-2.711046 1.074014
-2.713181 1.074229
-2.715313 1.074443
-2.717441 1.074657
-2.719565 1.074870
-2.721685 1.075083
-2.723802 1.075296
-2.725914 1.075508
-2.728023 1.075720
-2.730128 1.075931
-2.732229 1.076142
-2.734327 1.076353
-2.736420 1.076563
-2.738510 1.076773
-2.740596 1.076983
-2.742679 1.077192
-2.744757 1.077401
-2.746832 1.077609
-2.748903 1.077817
-2.750970 1.078025
-2.753034 1.078232
-2.755094 1.078439
-2.757150 1.078646
-2.759203 1.078852
-2.761251 1.079058
-2.763297 1.079263
-2.765338 1.079468
-2.767376 1.079673
-2.769410 1.079877
-2.771440 1.080081
-2.773467 1.080285
-2.775490 1.080488
-2.777509 1.080691
-2.779525 1.080894
-2.781537 1.081096
-2.783546 1.081298
-2.785551 1.081499
-2.787552 1.081700
-2.789550 1.081901
-2.791544 1.082101
-2.793534 1.082301
-2.795521 1.082501
-2.797505 1.082700
-2.799484 1.082899
-2.801461 1.083097
-2.803433 1.083296
-2.805403 1.083493
-2.807368 1.083691
-2.809330 1.083888
-2.811288 1.084085
-2.813243 1.084281
-2.815195 1.084477
-2.817142 1.084673
-2.819087 1.084868
-2.821028 1.085063
-2.822965 1.085258
-2.824899 1.085452
-2.826829 1.085646
-2.828756 1.085840
-2.830679 1.086033
-2.832599 1.086226
-2.834516 1.086418
-2.836429 1.086610
-2.838338 1.086802
-2.840245 1.086994
-2.842147 1.087185
-2.844047 1.087376
-2.845942 1.087566
-2.847835 1.087756
-2.849724 1.087946
-2.851609 1.088135
-2.853492 1.088324
-2.855371 1.088513
-2.857246 1.088702
-2.859118 1.088890
-2.860987 1.089077
-2.862852 1.089265
-2.864714 1.089452
-2.866573 1.089638
-2.868428 1.089825
-2.870280 1.090011
-2.872128 1.090197
-2.873973 1.090382
-2.875815 1.090567
-2.877654 1.090752
-2.879489 1.090936
-2.881321 1.091120
-2.883150 1.091304
-2.884975 1.091487
-2.886797 1.091670
-2.888616 1.091853
-2.890432 1.092035
-2.892244 1.092217
-2.894053 1.092399
-2.895859 1.092581
-2.897661 1.092762
-2.899460 1.092942
-2.901256 1.093123
-2.903049 1.093303
-2.904839 1.093483
-2.906625 1.093662
-2.908408 1.093841
-2.910188 1.094020
-2.911964 1.094199
-2.913738 1.094377
-2.915508 1.094555
-2.917275 1.094732
-2.919039 1.094909
-2.920800 1.095086
-2.922557 1.095263
-2.924311 1.095439
-2.926063 1.095615
-2.927811 1.095791
-2.929555 1.095966
-2.931297 1.096141
-2.933036 1.096316
-2.934771 1.096490
-2.936503 1.096664
-2.938233 1.096838
-2.939959 1.097011
-2.941682 1.097184
-2.943402 1.097357
-2.945119 1.097529
-2.946832 1.097702
-2.948543 1.097873
-2.950251 1.098045
-2.951955 1.098216
-2.953656 1.098387
-2.955355 1.098558
-2.957050 1.098728
-2.958742 1.098898
-2.960431 1.099068
-2.962117 1.099237
-2.963800 1.099406
-2.965480 1.099575
-2.967157 1.099743
-2.968831 1.099912
-2.970502 1.100079
-2.972170 1.100247
-2.973835 1.100414
-2.975497 1.100581
-2.977155 1.100748
-2.978811 1.100914
-2.980464 1.101080
-2.982114 1.101246
-2.983761 1.101411
-2.985405 1.101577
-2.987046 1.101741
-2.988684 1.101906
-2.990319 1.102070
-2.991951 1.102234
-2.993581 1.102398
-2.995207 1.102561
-2.996830 1.102724
-2.998451 1.102887
-3.000068 1.103050
-3.001683 1.103212
-3.003295 1.103374
-3.004904 1.103535
-3.006510 1.103697
-3.008112 1.103858
-3.009712 1.104018
-3.011310 1.104179
-3.012904 1.104339
-3.014495 1.104499
-3.016084 1.104659
-3.017670 1.104818
-3.019253 1.104977
-3.020833 1.105136
-3.022410 1.105294
-3.023984 1.105452
-3.025555 1.105610
-3.027124 1.105768
-3.028690 1.105925
-3.030253 1.106082
-3.031813 1.106239
-3.033370 1.106395
-3.034925 1.106551
-3.036477 1.106707
-3.038026 1.106863
-3.039572 1.107018
-3.041116 1.107173
-3.042656 1.107328
-3.044194 1.107483
-3.045729 1.107637
-3.047261 1.107791
-3.048791 1.107944
-3.050318 1.108098
-3.051842 1.108251
-3.053363 1.108404
-3.054882 1.108556
-3.056397 1.108709
-3.057910 1.108860
-3.059421 1.109012
-3.060928 1.109164
-3.062433 1.109315
-3.063936 1.109466
-3.065435 1.109616
-3.066932 1.109767
-3.068426 1.109917
-3.069917 1.110067
-3.071406 1.110216
-3.072892 1.110366
-3.074375 1.110515
-3.075856 1.110663
-3.077334 1.110812
-3.078809 1.110960
-3.080282 1.111108
-3.081752 1.111256
-3.083220 1.111403
-3.084684 1.111550
-3.086146 1.111697
-3.087605 1.111844
-3.089062 1.111990
-3.090516 1.112136
-3.091968 1.112282
-3.093417 1.112427
-3.094863 1.112573
-3.096307 1.112718
-3.097748 1.112863
-3.099186 1.113007
-3.100622 1.113151
-3.102056 1.113295
-3.103487 1.113439
-3.104915 1.113583
-3.106340 1.113726
-3.107763 1.113869
-3.109184 1.114011
-3.110602 1.114154
-3.112017 1.114296
-3.113430 1.114438
-3.114840 1.114580
-3.116248 1.114721
-3.117653 1.114862
-3.119056 1.115003
-3.120456 1.115144
-3.121853 1.115284
-3.123248 1.115424
-3.124641 1.115564
-3.126031 1.115704
-3.127419 1.115843
-3.128803 1.115982
-3.130186 1.116121
-3.131566 1.116260
-3.132944 1.116398
-3.134319 1.116536
-3.135691 1.116674
-3.137062 1.116812
-3.138429 1.116949
-3.139794 1.117087
-3.141157 1.117224
-3.142517 1.117360
-3.143875 1.117497
-3.145231 1.117633
-3.146584 1.117769
-3.147934 1.117904
-3.149282 1.118040
-3.150628 1.118175
-3.151971 1.118310
-3.153312 1.118445
-3.154650 1.118579
-3.155986 1.118713
-3.157320 1.118847
-3.158651 1.118981
-3.159979 1.119114
-3.161306 1.119248
-3.162630 1.119381
-3.163951 1.119513
-3.165270 1.119646
-3.166587 1.119778
-3.167902 1.119910
-3.169214 1.120042
-3.170523 1.120174
-3.171830 1.120305
-3.173136 1.120436
-3.174438 1.120567
-3.175739 1.120698
-3.177037 1.120828
-3.178332 1.120958
-3.179625 1.121088
-3.180916 1.121218
-3.182205 1.121347
-3.183491 1.121476
-3.184775 1.121605
-3.186057 1.121734
-3.187336 1.121863
-3.188613 1.121991
-3.189888 1.122119
-3.191160 1.122247
-3.192430 1.122374
-3.193698 1.122502
-3.194964 1.122629
-3.196227 1.122756
-3.197488 1.122883
-3.198747 1.123009
-3.200004 1.123135
-3.201258 1.123261
-3.202510 1.123387
-3.203760 1.123513
-3.205007 1.123638
-3.206252 1.123763
-3.207495 1.123888
-3.208736 1.124012
-3.209974 1.124137
-3.211210 1.124261
-3.212445 1.124385
-3.213676 1.124509
-3.214906 1.124632
-3.216133 1.124756
-3.217358 1.124879
-3.218581 1.125002
-3.219802 1.125124
-3.221020 1.125247
-3.222237 1.125369
-3.223451 1.125491
-3.224663 1.125613
-3.225873 1.125734
-3.227080 1.125855
-3.228286 1.125977
-3.229489 1.126097
-3.230690 1.126218
-3.231889 1.126338
-3.233086 1.126459
-3.234280 1.126579
-3.235472 1.126698
-3.236663 1.126818
-3.237851 1.126938
-3.239037 1.127057
-3.240220 1.127175
-3.241402 1.127294
-3.242582 1.127413
-3.243759 1.127531
-3.244935 1.127649
-3.246108 1.127767
-3.247279 1.127885
-3.248448 1.128002
-3.249615 1.128119
-3.250779 1.128236
-3.251942 1.128353
-3.253103 1.128470
-3.254261 1.128586
-3.255418 1.128702
-3.256572 1.128818
-3.257724 1.128934
-3.258874 1.129050
-3.260022 1.129165
-3.261168 1.129280
-3.262312 1.129395
-3.263454 1.129510
-3.264594 1.129624
-3.265732 1.129738
-3.266868 1.129853
-3.268001 1.129966
-3.269133 1.130080
-3.270262 1.130193
-3.271390 1.130307
-3.272516 1.130420
-3.273639 1.130533
-3.274760 1.130645
-3.275880 1.130758
-3.276997 1.130870
-3.278113 1.130982
-3.279226 1.131094
-3.280338 1.131206
-3.281447 1.131317
-3.282554 1.131428
-3.283660 1.131539
-3.284763 1.131650
-3.285865 1.131761
-3.286964 1.131871
-3.288061 1.131982
-3.289157 1.132092
-3.290250 1.132202
-3.291342 1.132311
-3.292431 1.132421
-3.293519 1.132530
-3.294605 1.132639
-3.295688 1.132748
-3.296770 1.132857
-3.297850 1.132965
-3.298928 1.133073
-3.300004 1.133181
-3.301078 1.133289
-3.302150 1.133397
-3.303220 1.133504
-3.304288 1.133612
-3.305354 1.133719
-3.306418 1.133826
-3.307481 1.133932
-3.308541 1.134039
-3.309600 1.134145
-3.310656 1.134251
-3.311711 1.134357
-3.312764 1.134463
-3.313815 1.134569
-3.314864 1.134674
-3.315911 1.134779
-3.316956 1.134884
-3.318000 1.134989
-3.319041 1.135094
-3.320081 1.135198
-3.321119 1.135303
-3.322155 1.135407
-3.323189 1.135511
-3.324221 1.135614
-3.325251 1.135718
-3.326279 1.135821
-3.327306 1.135924
-3.328331 1.136027
-3.329354 1.136130
-3.330375 1.136232
-3.331394 1.136335
-3.332411 1.136437
-3.333427 1.136539
-3.334440 1.136641
-3.335452 1.136743
-3.336462 1.136844
-3.337471 1.136945
-3.338477 1.137046
-3.339482 1.137147
-3.340484 1.137248
-3.341485 1.137349
-3.342484 1.137449
-3.343482 1.137549
-3.344477 1.137649
-3.345471 1.137749
-3.346463 1.137849
-3.347453 1.137948
-3.348442 1.138047
-3.349428 1.138147
-3.350413 1.138246
-3.351396 1.138344
-3.352378 1.138443
-3.353357 1.138541
-3.354335 1.138640
-3.355311 1.138738
-3.356285 1.138835
-3.357258 1.138933
-3.358228 1.139031
-3.359197 1.139128
-3.360165 1.139225
-3.361130 1.139322
-3.362094 1.139419
-3.363056 1.139516
-3.364016 1.139612
-3.364975 1.139709
-3.365932 1.139805
-3.366887 1.139901
-3.367840 1.139996
-3.368792 1.140092
-3.369742 1.140187
-3.370690 1.140283
-3.371636 1.140378
-3.372581 1.140473
-3.373524 1.140567
-3.374466 1.140662
-3.375406 1.140756
-3.376343 1.140851
-3.377280 1.140945
-3.378214 1.141039
-3.379147 1.141132
-3.380079 1.141226
-3.381008 1.141319
-3.381936 1.141412
-3.382862 1.141505
-3.383787 1.141598
-3.384710 1.141691
-3.385631 1.141784
-3.386551 1.141876
-3.387469 1.141968
-3.388385 1.142060
-3.389299 1.142152
-3.390212 1.142244
-3.391124 1.142335
-3.392033 1.142427
-3.392941 1.142518
-3.393848 1.142609
-3.394753 1.142700
-3.395656 1.142791
-3.396557 1.142881
-3.397457 1.142972
-3.398355 1.143062
-3.399252 1.143152
-3.400147 1.143242
-3.401041 1.143332
-3.401932 1.143421
-3.402823 1.143511
-3.403711 1.143600
-3.404598 1.143689
-3.405484 1.143778
-3.406368 1.143867
-3.407250 1.143955
-3.408130 1.144044
-3.409009 1.144132
-3.409887 1.144220
-3.410763 1.144308
-3.411637 1.144396
-3.412510 1.144484
-3.413381 1.144571
-3.414250 1.144659
-3.415118 1.144746
-3.415985 1.144833
-3.416850 1.144920
-3.417713 1.145007
-3.418575 1.145093
-3.419435 1.145180
-3.420294 1.145266
-3.421151 1.145352
-3.422006 1.145438
-3.422860 1.145524
-3.423713 1.145609
-3.424564 1.145695
-3.425413 1.145780
-3.426261 1.145865
-3.427107 1.145950
-3.427952 1.146035
-3.428795 1.146120
-3.429637 1.146204
-3.430477 1.146289
-3.431316 1.146373
-3.432153 1.146457
-3.432989 1.146541
-3.433823 1.146625
-3.434656 1.146709
-3.435487 1.146792
-3.436317 1.146876
-3.437145 1.146959
-3.437972 1.147042
-3.438797 1.147125
-3.439621 1.147207
-3.440443 1.147290
-3.441264 1.147372
-3.442083 1.147455
-3.442901 1.147537
-3.443717 1.147619
-3.444532 1.147701
-3.445346 1.147783
-3.446158 1.147864
-3.446968 1.147946
-3.447777 1.148027
-3.448585 1.148108
-3.449391 1.148189
-3.450196 1.148270
-3.450999 1.148350
-3.451801 1.148431
-3.452601 1.148511
-3.453400 1.148592
-3.454197 1.148672
-3.454993 1.148752
-3.455788 1.148832
-3.456581 1.148911
-3.457373 1.148991
-3.458163 1.149070
-3.458952 1.149150
-3.459740 1.149229
-3.460526 1.149308
-3.461311 1.149386
-3.462094 1.149465
-3.462876 1.149544
-3.463656 1.149622
-3.464435 1.149700
-3.465212 1.149778
-3.465988 1.149856
-3.466763 1.149934
-3.467537 1.150012
-3.468309 1.150089
-3.469079 1.150167
-3.469848 1.150244
-3.470616 1.150321
-3.471383 1.150398
-3.472148 1.150475
-3.472911 1.150552
-3.473674 1.150628
-3.474434 1.150705
-3.475194 1.150781
-3.475952 1.150857
-3.476709 1.150933
-3.477464 1.151009
-3.478218 1.151085
-3.478971 1.151161
-3.479722 1.151236
-3.480472 1.151311
-3.481221 1.151387
-3.481968 1.151462
-3.482714 1.151537
-3.483459 1.151611
-3.484202 1.151686
-3.484944 1.151761
-3.485684 1.151835
-3.486424 1.151909
-3.487162 1.151983
-3.487898 1.152057
-3.488633 1.152131
-3.489367 1.152205
-3.490100 1.152279
-3.490831 1.152352
-3.491561 1.152425
-3.492290 1.152499
-3.493017 1.152572
-3.493743 1.152645
-3.494468 1.152717
-3.495191 1.152790
-3.495914 1.152863
-3.496634 1.152935
-3.497354 1.153007
-3.498072 1.153080
-3.498789 1.153152
-3.499505 1.153223
-3.500219 1.153295
-3.500932 1.153367
-3.501644 1.153438
-3.502354 1.153510
-3.503063 1.153581
-3.503771 1.153652
-3.504478 1.153723
-3.505183 1.153794
-3.505887 1.153865
-3.506590 1.153935
-3.507292 1.154006
-3.507992 1.154076
-3.508691 1.154146
-3.509389 1.154216
-3.510085 1.154286
-3.510781 1.154356
-3.511475 1.154426
-3.512167 1.154495
-3.512859 1.154565
-3.513549 1.154634
-3.514238 1.154704
-3.514926 1.154773
-3.515613 1.154842
-3.516298 1.154910
-3.516982 1.154979
-3.517665 1.155048
-3.518346 1.155116
-3.519027 1.155185
-3.519706 1.155253
-3.520384 1.155321
-3.521060 1.155389
-3.521736 1.155457
-3.522410 1.155524
-3.523083 1.155592
-3.523755 1.155660
-3.524426 1.155727
-3.525095 1.155794
-3.525763 1.155861
-3.526430 1.155928
-3.527096 1.155995
-3.527761 1.156062
-3.528424 1.156129
-3.529086 1.156195
-3.529747 1.156262
-3.530407 1.156328
-3.531065 1.156394
-3.531723 1.156460
-3.532379 1.156526
-3.533034 1.156592
-3.533688 1.156657
-3.534341 1.156723
-3.534992 1.156789
-3.535643 1.156854
-3.536292 1.156919
-3.536940 1.156984
-3.537587 1.157049
-3.538233 1.157114
-3.538877 1.157179
-3.539520 1.157243
-3.540163 1.157308
-3.540804 1.157372
-3.541444 1.157437
-3.542082 1.157501
-3.542720 1.157565
-3.543356 1.157629
-3.543992 1.157693
-3.544626 1.157756
-3.545259 1.157820
-3.545891 1.157883
-3.546521 1.157947
-3.547151 1.158010
-3.547779 1.158073
-3.548407 1.158136
-3.549033 1.158199
-3.549658 1.158262
-3.550282 1.158324
-3.550905 1.158387
-3.551526 1.158450
-3.552147 1.158512
-3.552766 1.158574
-3.553384 1.158636
-3.554002 1.158698
-3.554618 1.158760
-3.555233 1.158822
-3.555846 1.158884
-3.556459 1.158945
-3.557071 1.159007
-3.557681 1.159068
-3.558291 1.159129
-3.558899 1.159190
-3.559506 1.159251
-3.560112 1.159312
-3.560718 1.159373
-3.561321 1.159434
-3.561924 1.159494
-3.562526 1.159555
-3.563127 1.159615
-3.563727 1.159675
-3.564325 1.159735
-3.564923 1.159795
-3.565519 1.159855
-3.566115 1.159915
-3.566709 1.159975
-3.567302 1.160034
-3.567894 1.160094
-3.568485 1.160153
-3.569075 1.160213
-3.569664 1.160272
-3.570252 1.160331
-3.570839 1.160390
-3.571425 1.160449
-3.572009 1.160507
-3.572593 1.160566
-3.573176 1.160625
-3.573757 1.160683
-3.574338 1.160741
-3.574917 1.160799
-3.575495 1.160858
-3.576073 1.160915
-3.576649 1.160973
-3.577224 1.161031
-3.577799 1.161089
-3.578372 1.161147
-3.578944 1.161204
-3.579515 1.161261
-3.580085 1.161319
-3.580654 1.161376
-3.581223 1.161433
-3.581789 1.161490
-3.582355 1.161547
-3.582921 1.161603
-3.583484 1.161660
-3.584047 1.161717
-3.584609 1.161773
-3.585170 1.161829
-3.585730 1.161886
-3.586289 1.161942
-3.586847 1.161998
-3.587404 1.162054
-3.587960 1.162110
-3.588515 1.162165
-3.589068 1.162221
-3.589621 1.162277
-3.590173 1.162332
-3.590724 1.162387
-3.591274 1.162443
-3.591823 1.162498
-3.592371 1.162553
-3.592918 1.162608
-3.593464 1.162663
-3.594009 1.162717
-3.594553 1.162772
-3.595096 1.162827
-3.595638 1.162881
-3.596179 1.162935
-3.596719 1.162990
-3.597258 1.163044
-3.597796 1.163098
-3.598333 1.163152
-3.598869 1.163206
-3.599404 1.163259
-3.599939 1.163313
-3.600472 1.163367
-3.601004 1.163420
-3.601536 1.163474
-3.602066 1.163527
-3.602596 1.163580
-3.603124 1.163633
-3.603652 1.163686
-3.604179 1.163739
-3.604704 1.163792
-3.605229 1.163845
-3.605753 1.163897
-3.606276 1.163950
-3.606798 1.164002
-3.607319 1.164055
-3.607839 1.164107
-3.608358 1.164159
-3.608876 1.164211
-3.609393 1.164263
-3.609909 1.164315
-3.610424 1.164366
-3.610939 1.164418
-3.611452 1.164470
-3.611965 1.164521
-3.612476 1.164573
-3.612987 1.164624
-3.613497 1.164675
-3.614006 1.164726
-3.614513 1.164777
-3.615021 1.164828
-3.615527 1.164879
-3.616032 1.164930
-3.616536 1.164981
-3.617039 1.165031
-3.617542 1.165082
-3.618043 1.165132
-3.618544 1.165182
-3.619044 1.165232
-3.619543 1.165283
-3.620041 1.165333
-3.620538 1.165383
-3.621034 1.165432
-3.621529 1.165482
-3.622024 1.165532
-3.622517 1.165581
-3.623010 1.165631
-3.623501 1.165680
-3.623992 1.165730
-3.624482 1.165779
-3.624971 1.165828
-3.625459 1.165877
-3.625947 1.165926
-3.626433 1.165975
-3.626918 1.166023
-3.627403 1.166072
-3.627887 1.166121
-3.628370 1.166169
-3.628852 1.166218
-3.629333 1.166266
-3.629813 1.166314
-3.630293 1.166363
